1.8687440415942536
1.9259695935296137
1.8846975896449831
2.2392799496170066
2.3526502557385696
2.543425609015105
100000
2.4984195452641726
2.418657141202198
100000
2.388814155252056
2.5304850671098023
2.495056624342158
2.430650208573653
2.742280086127185
2.782585049448186
100000
100000
2.618836380858174
2.8320980853911872
2.8333165640417906
2.810064270733737
2.746999112514185
2.596012462317985
2.613416558993557
100000
2.776751215297746
100000
2.394622906083778
2.3719864610835835
2.375179547566578
2.391094079552058
100000
2.293339674109172
2.175479438938381
2.2760550230162897
100000
2.2826698561010126
2.2707022443814684
2.028887975464274
1.8056744703230767
1.5608477322539955
1.606792665079673
100000
1.5687803672674037
1.497292650564883
1.612573325241382
1.6187331313002957
1.6420765694930308
1.4946068216592456
1.5212553596722451
1.6026495208074454
1.664820118822612
1.6164773396088055
1.6738419560246836
1.7033951039619837
1.700953368558519
1.4778968729513626
3.170124132035931
1.3948581176903354
1.4684412784759353
100000
1.3542912628466584
1.1135267329599554
1.2952752633788704
1.3953351606715887
1.2910753240601347
100000
100000
1.3888615118552743
1.3262586959606029
1.228212595963623
100000
1.0858466486738796
100000
0.8920443221520801
0.8641229401915187
1.1589782665566741
0.8402386034544206
0.7823280165085137
0.8709524917148599
0.9076720861600003
0.9847030821972785
0.9148941484488583
0.9023259208087665
0.8415955971707986
1.1873603209900794
100000
0.9857330441981531
1.1388045217023504
1.1855923657308436
1.273969609252911
1.396914892329062
1.3861584049371258
1.5395306691845418
1.460608394306534
1.877977059100345
1.9097190607704175
100000
100000
1.786214453938925
3.731022219915961
2.025732077947234
1.9618105908911927
2.207515422991318
100000
2.4887621162160336
2.297995247982971
2.437079506181164
2.572592990753101
2.556106901367601
2.62352028362505
2.7249037880748106
2.623338778280926
100000
100000
2.5957452667330014
100000
100000
2.3915546777624335
2.583396885827384
2.590543102750583
2.4597503543944006
2.4202600042736857
2.5550536227099134
2.3474484845096995
2.476809186156892
2.5366632796360356
2.419808095732087
2.289690104779545
2.0736525758264652
1.8781350488466941
2.0186030290104253
1.9500920524961354
1.9167739526233665
2.157349390274888
1.9514016504555491
100000
1.5029641634909552
1.5628195081494813
1.4236407858077746
100000
1.277291262158271
1.3036918396194108
1.3486996652361314
1.6972695579719164
1.698314164351979
1.6401719239870038
1.2911221450919985
100000
1.3962599130156272
1.2782259845056418
1.283717206062038
1.2050565917075229
100000
1.1648138328096884
1.3249026711311236
1.2477307942651397
2.626193882606136
1.174890848886982
1.161992309026564
1.1782950074962035
1.2201325328914407
1.049641512604108
100000
1.0957863523094216
1.0511632005830087
2.5603845428712306
1.1557832859292227
1.795733159382557
0.8898314584653269
100000
0.9399959903640472
0.8887672838598806
0.85126716793948
0.8210797626427948
0.7995743727783331
0.7668749576480923
0.7688573206288033
0.758893368817367
0.7854368954603206
1.4393814983526205
1.6270336084607446
0.777916625063465
0.9664974212811513
1.5105045651090572
100000
0.8756494808310803
0.8109605989664705
0.9077649433914176
1.0989612311956463
1.1660775877894962
1.2748549688974777
1.2515131838888487
1.1818170742115384
1.269998064549404
1.4943063760550177
1.290158603812141
1.3276146087799425
1.354948933329224
1.3509799686157224
1.5680355332087823
1.643913720341571
1.6343211527628085
100000
1.511310566430967
1.59090101735009
1.4243951072250982
1.3438901161035626
1.2206110380467778
1.4060873264117162
1.5922853266416306
100000
100000
1.3496289680505753
1.2376812320516772
1.4081346972258941
1.3173171587976664
1.446692097645473
1.49549325526742
100000
100000
100000
2.8393163458792676
1.440436267617103
1.5994491156184418
1.5989716339438895
100000
1.5875659893622058
1.6012751754520276
1.668982847183958
100000
1.5361353474054733
1.3605593996350123
1.4299493533979788
100000
1.1818736719138339
1.096830430283335
100000
1.9381959010829743
1.228360057374447
1.2773725235252307
1.3924253281779067
1.4480677665430457
1.3687080515902175
1.318885495632284
1.4679867470293844
1.5185799756303227
100000
1.2244898610526471
1.2006609455255794
100000
1.2672564926567134
2.5034051295982267
1.1058272117434476
0.9933344019726225
1.072700502628528
1.5042070364043587
1.0613405150773259
1.023781124692209
2.1112101994044505
0.9642496087765854
0.8675234669632508
0.9323323866927198
1.0570685612740676
0.9360675714653348
0.9408753589521547
0.8777503207453681
0.8022706493967083
0.82669775102882
1.1320857928615682
1.0090541540516078
0.8069592694123411
0.7489671347686923
100000
0.7791350571573306
0.773186279096968
100000
0.7854509950467516
0.790904353036
0.7696957515406858
0.7518295348806076
0.7372675957563556
1.261846725703807
100000
0.7408826014824696
0.7475387739163384
100000
1.005107763179343
0.8574138434635878
0.9141573647795941
0.9024100749578269
1.0237411439534907
100000
100000
1.1498850115330725
1.093392139385604
1.0926927200600098
100000
1.1082306735065826
1.2272238667790245
100000
1.1715650585090902
1.1906234340640134
1.2285258337266198
100000
100000
1.253876359858794
1.222729469575995
100000
1.123992818766995
100000
1.3734121008373914
1.1856683933460375
1.1811912437798628
1.7650336712523749
1.2498329334056477
1.8661218511199011
2.3478770813688334
1.2148783268421812
100000
100000
1.2503728071929996
1.221657853671602
1.1917972282090126
1.1016977183609442
1.2076295911261563
1.1602230074782975
100000
1.2141451243280814
1.1202411471190319
100000
100000
1.1622952475183432
1.1301470797636437
1.2021245446240216
1.1917059747952092
100000
1.2581357731193912
2.009566226248091
1.3336211654419343
2.006537592739916
1.3248873684097997
1.322085032176107
1.3381315338940303
1.3746574849719995
1.364221156563215
1.302536511577445
100000
1.2736899168301543
1.1527616569628794
1.0166149052543887
1.124964221932432
1.1311167871410164
1.063867632853294
1.2021243161222812
1.0806815133867684
1.0272077820760692
1.079592642661246
1.4065689720030923
100000
0.9488182715585344
0.8340324925708277
0.8375812106426803
0.8360306288279976
0.7931239180845332
0.8353243481444087
100000
100000
0.7244363448977608
0.8118949714758673
0.7837550818628636
1.4318359524711628
0.6896213559608421
0.6598422011533015
0.7329161547723839
0.8323602395773981
0.7766807004230717
100000
0.9324470041956847
1.0053339876940217
1.2518862988152462
1.3728501546875875
1.5164337585357577
100000
100000
1.9179664969762713
2.1138953594940944
2.0765530457881254
100000
2.1925184443729755
2.3419517758309842
2.3309400474665045
2.4338693645206604
2.509964814556036
2.7041536705286764
2.728786790240341
2.7657061011139943
100000
2.9132440498550354
3.018558486338319
2.8430224749141155
2.993682271915419
3.0621173584533348
2.960249734120879
2.9094765951529955
2.8237600496013986
2.654423902950478
100000
2.741630988235025
2.759167562459403
2.5750161810140426
2.6738836709552958
2.546555819839977
2.5356632157388455
2.634098407135016
100000
2.518458376811608
100000
2.4520533215355744
2.7009882409615384
2.697910190802349
2.748938413144949
2.5498335184994274
1.9533452808766325
1.9537878499206283
1.9107992523281592
1.8442369852728693
1.8634399750332027
1.963033173307281
1.7990744345703449
1.9946381366471124
1.7769916462640492
1.671214501270584
100000
100000
1.7467167084029236
1.5231898110797324
1.4926109363612985
1.5046344787377253
1.6253638926773304
1.5489158316925482
1.470734819780383
1.5267837956039707
1.3630616845216261
100000
1.4949561271968765
1.3982963811183926
1.452916366581112
1.361538545123416
1.230986644979632
100000
1.2154281589084526
1.2634026836521313
100000
1.274803086152104
1.2292682938691304
1.1620283646337726
100000
1.1342151480565155
100000
0.850323255860409
0.8364665906290172
0.9114047465992845
0.9142313313030449
1.1469038083647998
100000
100000
0.9399072426778071
100000
0.8010363609617437
0.8621274590099364
0.8274786697588732
1.048462441661106
1.192253038490186
1.1136453690131534
1.1855156357591052
1.384976868016613
1.571434457597555
1.6757558266776917
2.2780909771606694
2.083862884622391
2.060019784461303
100000
2.322527285661384
2.40860958280285
2.429878033493821
2.6279249298268996
2.72168261103549
2.7461623879011197
2.8970477483904893
3.4635993357219292
2.8939560410301226
100000
2.7050857722763704
2.904093137017721
2.63383207870775
100000
2.7010724059526554
3.1655862783813107
3.020886218093461
100000
2.6790123182114667
2.6634879610820024
2.7198577335758127
2.566528755928186
2.83082011418342
2.7071246398359112
100000
2.7080441736541516
2.8975674557876787
100000
2.6153121418954415
100000
2.3886032364989074
2.2375132473635047
2.379262960546619
2.33562006700349
100000
100000
2.0063138998204417
2.056044786297154
1.7242146382462176
1.625570322289355
1.6421934148303887
2.055330867352699
1.7417147251893337
1.5605825726205618
1.6455252931046542
1.7257739082915498
1.6040544412313218
100000
1.6193432799691987
1.7499756826740054
100000
1.5388688045048469
1.6459041173781304
100000
1.5328812034652721
1.313624230437266
1.418032694835882
1.4914917650872896
1.6000437004537615
1.936374774148585
1.3849742622952423
1.2310644278814467
1.273598151768375
100000
1.30053379454482
1.1834534278841538
1.2254436459416043
1.0230780318801358
0.9940598244519981
100000
100000
0.9630041526224663
0.9883662947027946
0.9340768143092167
1.0708261986958159
1.0002679005108503
100000
0.9658697811516015
100000
1.607919599220948
100000
0.8738012558616034
100000
0.8513210084685586
0.8794684356028872
1.5683712740701852
100000
1.0480291270454194
100000
1.4318744561109653
1.5727094796756242
1.583155068513183
2.1040728107768247
2.0991509797104646
2.101088525054607
2.2865868717970494
2.3651815709585042
2.3461425910784044
2.4635326753131204
2.4631472414695827
2.612615517650841
2.580558576322157
2.6186201637226585
2.5482237677410025
2.73077100534611
2.6287666051283765
2.741157510366623
2.7294834461103132
2.5843833272345544
2.5438816047466477
2.4845660019481333
2.663248046534121
2.5999018606201103
2.788645854903066
3.0308618042755855
3.0806761710552717
100000
2.9671870713039543
2.8386288191554443
2.9247133715158955
5.412966868012436
3.12067917342186
2.94330362671294
100000
2.765207294405847
2.817306832211536
2.7574599148861103
2.6315070339879383
100000
2.427399337484584
2.3704622644491335
100000
2.0881332024485966
100000
1.882986036989722
1.9128857368154375
2.174483950758877
1.815404299078817
1.9258980090644515
1.7921082791523066
1.7547289869213192
1.7984611363895262
1.838550203460143
100000
1.853615677255683
100000
1.7349937694874646
1.7299436987009693
1.8565825201018729
100000
7.010822415061943
2.239181115663207
100000
100000
1.425061779866349
1.3996795442243786
100000
1.3654304979320926
1.296539359740446
1.141656171021511
1.3576479408606639
100000
1.220695748343776
1.2524948872225294
2.586358611569637
1.2670069212716613
1.1781063653244719
1.1353448137506985
1.0346522488736216
1.390278565079937
100000
0.958425684985602
1.3012767908571907
1.2410839482807936
100000
0.9373326876859452
1.046636590602247
0.9027349288886937
0.8941321191999243
100000
1.7673198365620932
1.1675087587291737
1.3852724957142533
1.4352058934049927
1.4082618920319754
100000
100000
1.7901739719738083
1.9960244289363411
2.1017849467935066
2.2675150111672204
2.1513489640926915
2.258405523887912
2.2781505110081586
2.4206100147371834
2.346919865086949
100000
2.43655360302153
2.7024490014221527
2.5528671928289115
100000
100000
2.6497727304772374
2.7873121899405144
100000
2.8444089338469767
2.9525570181778877
2.7544846021028615
5.517999891687467
2.7961710802203403
2.70801271733301
2.8772383403388258
2.775988014828445
2.622494930201024
2.4683074908660334
2.452602401411593
2.471972406102579
2.561603767374962
100000
2.2621138156138616
2.459461315350645
2.5516256419115213
2.3919717988492835
2.39636476382033
100000
2.144846091389177
2.149710991664012
2.015232246982503
1.946502691728505
1.8575150784408414
1.7977727379839834
1.7580017863296962
1.7362712041043638
1.7940036361049032
1.8288224120223944
100000
1.7371426959070906
100000
1.5964561656214196
1.7126255365880692
1.5739685003710149
1.8451887459551837
1.6668481967047946
1.8772645216875556
1.8617669717660605
1.859724775652505
1.6126137302421883
1.6078990068748247
1.5404519163815011
1.4385717940722034
100000
1.3386914407146853
1.2996315791353241
1.5487375034869746
2.1535198584173276
2.0883037566900877
1.0687053401983255
1.168042233600838
1.1306580457616109
0.9717384597851103
1.2624691868261242
0.9480031654954884
1.2259621032911447
100000
0.9531278615558563
100000
0.9052419005634276
0.8825485508800841
0.8833377242525657
0.837947639654505
0.9214651504337235
0.9059050412016145
100000
0.8464878047032472
0.8734856309022208
0.8384542613061582
0.8402520537559842
1.3495129943352164
1.2651422044523333
1.2054345957598096
100000
1.4314340334033029
1.4041207071890542
1.602836364775409
1.926276192541705
1.8420929601015927
1.8533514176662675
1.9980458912964054
2.15458533789427
2.061740823002472
2.2263337404793635
2.3654638355378768
2.3830642935241015
2.3192808127632363
2.379229167512833
2.54892510418753
2.719522043031471
2.6053086875343117
2.614044582058514
100000
100000
100000
2.7315879982289957
2.72111356077275
2.6654050664775815
2.8915180523032555
2.933043772044912
2.8393795315899135
2.7941964060740503
3.0962655560263634
2.8535022265471293
2.71217769895646
2.609040504489146
2.6089437938137885
2.485334606455946
2.3206000112342275
2.497081176543219
2.520572304182036
2.577529413409083
2.555511770420324
100000
2.2394664871982117
2.0676532650375608
2.08016578854656
1.903632617158847
2.0325683806137547
1.7075774878899301
1.6055414661750822
1.7317495913397825
1.701929323364236
1.7040636960279765
1.8816379640490137
1.5477206870833091
1.4242899519010348
1.3710750496155337
1.781447309298191
1.5350691553944475
1.4500767239033552
100000
1.282712085047221
1.3356054318270678
1.3194710242277232
1.1553835048354797
1.144333151405588
1.2055785276466902
1.2035357425790498
1.2873846194575376
1.1874618168353226
2.572732176146538
2.03512026066474
1.1549474178298524
1.0147373017907946
1.0179444950946708
1.061309145489705
0.9947774501819231
0.986473324172825
0.9329145205106489
0.8920588607238163
0.8907909773762587
0.8744706340019502
0.8584078446084367
0.8665902083024664
0.8358014059958883
0.8218613396572388
100000
0.8268886528628402
1.0288363879743412
100000
0.8581223544899215
0.8609832850916572
0.8124996408012872
100000
0.8290105519647069
0.8245039639554338
1.3575733148882811
0.8212952456588887
100000
1.2212749398875031
1.0425382191546733
1.0625083181093888
1.2014269076806552
1.1336803732653546
1.4396152048205237
100000
1.1663095716081837
1.0850779042160261
1.5506797093952958
1.235429113760117
1.3248968395494247
1.3513055372557152
1.4758870169391487
100000
1.3563929879382397
1.3568621650013313
1.4386049486106411
1.7012999218384164
1.3062955608989462
1.4528505621997119
1.4592447089895404
1.5516827548777679
1.4348753317557463
1.4162562874693765
1.910476926444559
1.2990480425349689
1.656293453479597
1.6524684067789877
1.640503008660978
1.437406748509967
1.5402918161615144
1.4027105240350042
1.5141324834590604
1.44762641858516
100000
1.4449348067081145
1.574101062166901
1.5239175660624045
1.5470236003013518
1.5271153450105999
2.814019074600905
1.2852225854566228
1.3969097118326113
1.4724570597999833
1.2780958871675299
2.683741366619028
1.2824587208668554
1.2658838959544725
1.144067028857115
1.2536815098474083
1.4116034253794325
1.1895142402739312
100000
1.3141594193194417
1.346852173339173
100000
1.1353969106938082
1.1783714047762497
1.1844430604500291
1.1313810774427475
1.2257925920866648
100000
1.141834910395661
1.1312438329521937
100000
1.1565879580801048
1.3601337794059556
1.22293850443497
1.3643635478517477
1.0389139701683232
1.1621526342467363
1.10725860354511
100000
0.979028941591243
0.9580918610569851
100000
0.9237978303621812
100000
0.8671455181580076
0.8403272544230544
0.8518921786698781
100000
0.8592590178778556
0.8369843465560527
0.8244012093328547
0.8358108100595073
100000
1.0548517654079026
0.822855126331731
100000
0.8567924955085175
0.8111639176128159
0.828158025109251
100000
0.830182403540956
0.8919969686404108
0.8904008807653041
0.8830229918326721
1.15380368461536
0.8788054638774485
1.0095636688102447
0.9283644424740731
100000
1.0324111418261732
0.885300355827361
100000
0.9983557013169236
1.0046866044854121
1.0467860527464197
1.3274595333846542
1.0876465505862138
1.1754634890213662
100000
100000
1.1471469000366545
1.260613815377974
1.2883550226093534
1.2807211363632556
1.2575803926653317
1.2025036586874451
1.172303498545692
1.1412513071829269
1.2499370402847636
1.194037397873195
1.225575351619866
1.2681315575034564
1.3492770996735148
1.3477773163242404
1.4201322664662652
1.2792341327955543
100000
1.5969177657124707
1.324380242682769
1.4218525961971447
1.5181274315661042
1.4653002789455447
1.4971242847918318
1.4402305593869318
1.4387259427532753
1.4461524340936873
100000
100000
1.2340905571001526
1.2481644024275735
1.236160788348801
1.3542393838881568
1.565756406799675
100000
1.407858241645614
1.401250325295183
100000
1.5296798246768668
100000
1.3240054317952097
1.3479718055097423
100000
1.4835850435955282
1.4426907986038506
1.2194980243217672
1.1750660734939857
1.3353617607326558
1.1008692958112876
1.1578437456937598
1.0361495985741649
1.0095270119786341
100000
1.0607745559237398
1.04726997487783
100000
0.977069879584054
100000
0.91360716200601
0.8945803443475929
2.0510956741482174
1.440076228599351
0.8371197083188563
0.8175003285207497
100000
0.8406946281885753
0.8296707574347411
1.5388495451059914
0.7449071080762161
0.7378643369097201
0.7159750695118599
0.7233225811766905
0.6979822241552189
100000
100000
100000
1.0126474829602745
1.1129216129018893
2.388771410991288
1.254494759865506
100000
100000
100000
1.3538038382306414
0.7650886329205372
1.6262903944410154
100000
1.4003116539893259
1.5554060261705744
100000
100000
1.7723571345446723
1.7116020999879231
100000
1.853851407880791
1.9325354787511329
100000
1.9510285596630335
100000
1.9730503284241157
1.9074542286495852
1.8518886337486538
1.9351468367517664
4.110534683823296
2.0570290118569248
1.9484752702303219
4.103332953060966
2.0359952217756874
3.9820030399351913
1.9797603755336621
2.1621789630406925
2.170532225994066
2.033448887072142
2.1227859019400763
100000
1.959385442863707
1.7599255188197007
100000
1.5997172002227535
1.5835762281730856
100000
1.4679747155287037
1.4624667569103713
1.455008676881399
1.3594380603691607
1.5460219942964968
1.4673192013759115
100000
1.3267172436242394
100000
1.3266069968777288
1.4987286069112487
1.2520394063970073
100000
1.2924700586502527
100000
1.355900211592859
1.4599596513322097
1.306464215729948
1.338288411959146
100000
1.2049262939563872
1.210090513600101
1.1272618711119604
1.319912882705733
1.1253665095158067
100000
1.2113527442851395
100000
1.0448502160332864
1.0010420537067006
100000
100000
0.9308793502671053
0.8924909289537835
100000
0.8498124425407456
0.8720511880680332
100000
1.3938193224320083
0.7588391741548417
0.7784728881907015
0.9449047733992414
0.751585055440565
0.7418977445756082
0.7455375870054933
0.7397193227803909
0.745489945363891
0.7282440030860781
0.771454020741451
0.7723964818185511
0.8999586011780579
100000
1.0699372046847608
1.2895137524541294
1.3167505284751357
1.4314926077016172
1.5708208010442877
1.8308773503473244
1.8267233088558588
1.9540501290721437
2.0532170720002494
2.229968252043927
2.0673088025797166
2.1603444946154644
2.440313135071276
100000
2.3900597476220757
2.425476360795394
2.39416867409789
2.47750175957656
100000
2.1814851486275706
2.280835423155613
2.2207367437261936
2.440945440019653
2.50790620815172
2.438582653741779
2.5405702631053666
2.5047394958750715
2.390442545095739
100000
2.4443161947407304
2.397812411729931
2.569005467708984
2.458944361786771
2.2193596161509577
2.1714917141790284
2.060408578214419
2.2030333853327035
2.064749407599099
2.136392754259098
2.0874194941031945
2.3456568557864395
2.0387417111697683
2.047545176201848
100000
1.9533188078712906
1.7779548484109382
1.850781847616935
1.653871503310271
100000
1.732060705913819
1.5793677367517793
100000
1.752642321947019
1.6516314995848627
1.6504399329717605
1.7023190301590758
1.6160042559498768
100000
1.794522370395578
1.493530023326459
1.9668638275825125
100000
1.8489679765198372
1.3704312956105464
1.3421126609852327
1.3056724131927695
1.259210729395362
100000
1.1169726459081362
1.104584300667546
1.1111104454863134
1.0647640174755302
1.066047557755046
1.2708363750558826
1.0414636550818066
1.0450014250532655
1.0526748412915927
1.22144049811299
1.0342105842549303
100000
0.9175385563879422
100000
0.8618904980147518
100000
0.8566810407798593
100000
0.8327152129078215
1.3598135240773428
0.8399486129710015
0.793181064093531
0.7835676278541747
0.7878378655736497
1.544027393329654
0.7733580745044447
0.8803929794210625
0.9328007290215806
0.9670939690399972
1.2001813156304257
1.3071431698875706
1.4105100360231533
1.577999882100601
1.7233084303369104
1.8282276288482857
1.9052048047301906
1.9691728929345511
1.948141321184954
2.141575935626911
4.346969761211326
2.391197056433158
2.328075858722481
2.2796690305488525
2.2705249928474496
100000
2.1229752197915532
2.298097204738881
100000
100000
2.279546884341954
2.3452194707133103
2.281485896516207
2.2326242083953454
2.158990637908384
2.1593739118875885
2.2322697849132282
2.39677053868508
100000
2.4462438994879667
2.312937348835633
2.185246997515301
2.108034022034117
2.1603530040436634
2.2650210696072026
2.053946615838698
1.8300016902883796
2.2997912214696847
1.8584578867498138
1.996049773230895
100000
1.9373797568330033
1.933210500981291
1.8574100174423798
1.6913150250387115
1.8794630583643974
1.7826873729761687
1.7489072637408594
1.780299298098556
1.8152691759419675
100000
3.5538502545677315
1.529319585187414
1.9769288088314017
1.8978407898897498
1.5141838102706677
100000
100000
1.704341019847832
1.2972682038892234
100000
2.4297469933766296
2.4185453070925926
1.2511531539946488
1.1637148475312733
1.1750756636200346
1.2491162623236265
1.3114152659534022
1.297612518612857
1.2100840341390977
1.1161429281213227
100000
1.1383826246879607
1.2020059043174691
1.2958685773222436
1.1122929141395848
1.0860501682805361
1.0092014358382437
1.0040229609088884
1.071490194220098
0.9631536233373791
0.9229049659230385
0.9169995775705786
0.9379496154074158
0.9553479184343928
100000
1.1989545805682649
0.9062588717001062
1.048107168818053
1.7699690977509546
100000
0.8980137530154984
0.9358029292603027
1.0535479344971383
1.0255915426583004
1.1062130821767113
1.2355607052821251
1.517552961256279
2.5988920165399327
1.4514803313652873
1.734790307893289
1.6882282353359626
2.0290377695720294
1.9940220734931355
100000
2.130235233326142
2.214984960955477
2.1590922566183193
2.250351194234655
2.1739415871593852
2.153858146631079
2.17529375692397
2.4135120621127117
2.5385313342972258
2.4760352532277174
2.1459381391637677
2.0848900046122396
2.09885363990593
100000
2.2788825456071153
2.361864743108067
100000
2.502710622145424
2.6481894173712144
2.4195561231636864
2.5721891939160897
2.6093543364734355
2.4780157732413746
4.968913767299663
2.0121889224566267
2.140170102892574
2.282381062534275
100000
2.3029967192933394
2.2146102318476264
2.1806207412433287
2.1292241776655403
2.089245553418222
1.8126784214962586
100000
1.5941531850918096
1.5187420000212934
1.6223438792794194
100000
100000
1.332341293009588
1.3250859185276609
100000
1.4701673682941623
1.571824421821201
1.4607243968731018
1.4438765380755116
1.3631050520143673
1.3664396072857823
1.2931275809168106
1.3576876455960298
1.3699172087366736
100000
1.4025422048892402
1.3836698921657637
100000
1.4878471261219
1.468046973115233
1.3970228414939498
1.3835265199693858
1.3398680345440648
1.2984844801092412
1.278298624069947
1.2413229766303295
100000
100000
1.1744355653725829
100000
1.0847942373861315
1.0901165584853323
1.0955835500698141
1.065372210491992
1.0674937477445374
1.0702515754568702
1.0637886223084283
1.0834778133738578
1.0631571231796104
1.0303101973655355
1.0023268782141426
1.0018425748742523
1.0070151081740402
1.0158211793319762
1.0170143648036627
0.9897596829163244
100000
1.0074038346095153
1.0279518016235143
1.0936827369225999
1.2332996690782265
100000
1.421844020298819
1.6020376528305051
1.695411530616625
1.934754841615465
1.8074015636579464
1.9829197981787927
1.9138128696004775
1.9098331112987905
1.8338581761507533
1.9340381537368383
2.115224436159107
100000
2.2969018436713715
100000
2.0842055541332
2.0445803506178253
2.2189765486853026
2.1017798685337947
2.5380174548305545
2.476244571711749
2.40341708667349
2.153673684216781
2.215838122330732
2.2331203177072574
2.364318835187741
2.2150198179630975
2.2557973287555644
2.20877564501698
2.122186715985032
2.352715677802873
2.2069134252112517
100000
1.9264248686134997
1.59211975939109
1.699417596245993
100000
2.016180462131084
1.8480528826504834
1.9499955130360882
1.6993306785877675
1.5693143740027637
100000
3.511287741426449
1.7580980945321019
1.5967765936844442
100000
2.4200556049571853
1.4555744838875246
1.457171094590791
1.9404390674724317
1.3264649581368542
1.3310674059442242
1.3735250761046596
1.3559674914775741
1.401803415686342
1.455626137509181
1.4923491945788556
100000
1.305767846993319
1.2933837108139772
1.3086392318698714
1.2034887420545919
100000
100000
1.3127457843650303
1.2663105678475486
1.3454244967417792
1.1760537489174938
100000
1.1268865667564887
1.083465322813188
1.0748305259060849
1.05881767445559
1.0773715642161235
1.121154581713283
1.0341873999114517
100000
1.6587141797614746
100000
0.9634883228366872
100000
0.941775710041302
0.9524632504316778
0.9531938750495794
0.957137816520496
100000
0.9205627711963387
1.142605056226264
0.9236079833336659
0.9011607907570625
0.9228645613830648
1.0374590531931114
0.9274363439356158
0.9218688295064877
100000
0.9589989664274564
1.0563326550786838
100000
1.0519107239477632
1.1717723265806064
1.1692118505643265
100000
1.1218612797593983
1.2726913421916541
1.3487107868247767
1.5464298402867707
1.5689826344984772
1.5588684184466757
1.512397616550546
1.5230100783385676
1.7471751605270764
1.6930304456054794
1.6427700024394625
100000
1.5297504007515217
1.4315137044931177
2.8044224217978804
1.5181919986012424
2.8478001957488135
100000
1.4449149060972393
100000
1.4657412957175386
1.6004988071065647
1.5498844738638664
1.4208039657512037
100000
1.4241918399217266
1.5269988485994788
1.3578163936606218
1.4490436578007548
1.4467345110328047
100000
1.7549223572559827
1.5487460798488486
1.3465672459022149
1.5620166320816506
100000
1.3812098882372998
1.3658933915457154
1.4899602145442514
1.2591249176144734
100000
1.672325403036049
1.3192651723259954
1.4073031959890205
100000
1.298120775528198
1.3125673000170814
1.2976344446522285
1.2921927999527874
1.3176073183806083
2.1856164168757686
1.2784343120007013
1.2835870500813533
1.2110010047341162
1.2762868319205252
1.366305262994467
1.3022847087392795
1.2635241954486807
1.2404094488240076
1.2564919723637114
1.2394164144271331
1.2384472867925505
1.2179687245436233
1.143994340605066
1.1254770119700885
1.0861198611459895
1.0778952768025318
1.0592089850028734
1.5557660693155253
1.0703650828047127
1.0624224573894236
1.0345203336944757
1.0270776391822205
100000
0.9883744379414087
100000
1.0116212506873783
0.9871260358627706
0.9586428416294789
0.9498903576242514
100000
0.917804925623899
100000
100000
0.8963915923148246
0.9089101283444223
0.9071110848953893
1.10010051847968
0.9023855180871087
0.9396214704216458
1.5245308995565554
100000
0.9303157199047315
0.9392637794753699
0.9523072049238037
0.9649522618097882
1.003133693356338
100000
100000
0.9981353705559743
100000
1.1520168651810923
100000
1.0979884311424417
100000
1.187382531822405
1.2117072637834894
100000
1.1942568793934734
1.155691668606055
1.2542491384071117
1.325886819576013
1.136707276413437
1.1805195917901155
1.174549268452796
2.4583065854268633
1.217227401605908
1.2954408791274823
1.1437765941770148
1.1829249406743088
1.1408750206555693
1.1151674157496325
100000
1.6598819067033397
100000
1.1504053981382851
1.150419016062908
100000
1.2907793102233192
100000
1.206742963677524
1.1733992321046278
1.1833964545296805
1.193902823266755
1.3206241796196199
1.6102885100501914
1.3672309917656562
1.359587516526291
1.6965412401521196
1.2522500323302714
100000
1.2526082823866282
1.4706845199423133
1.445299610711598
1.2821472671195098
1.1663659673579159
1.149435309099946
100000
100000
1.0766367513121429
1.2191976800946642
1.1970419659758333
1.1497287371765514
1.0858691152934017
100000
1.0745222695554157
1.0978077470104157
1.0332698249361958
1.0462273754298348
0.9551022431915536
0.9783527736055033
0.9534333871198966
0.95254029202168
0.9292199038487017
0.9199716847433032
0.9291590680891622
0.9153737322062653
1.462077976700589
0.9007441411263077
0.9373200461591559
0.9164458637960844
0.9014808359817088
1.0584574716846
0.9042088184942859
0.8974100127377426
100000
1.831225619014684
0.9146057952888522
0.8801158678018007
0.8706236245393114
0.8734182427578538
100000
1.566714129780857
1.6961987269805152
1.734525296217039
1.714689828168909
1.7303775776280417
1.8880507937911926
2.065165636821516
2.0477483321001877
2.1402353084025227
2.2175587868444078
1.9887243800753334
1.9809720947742184
2.070363295246431
2.146389263852229
2.2637396450935543
2.244196241598096
100000
2.453724786678491
2.1780861705103987
2.209306055803951
2.389544453334456
2.1460938866264936
2.380412645469589
2.432446421541111
2.300797566848982
100000
2.284997268072686
100000
2.4384505888116466
2.185570114601342
2.2821516360056324
2.2695599876559336
2.1539542850831794
2.2111293300811936
100000
2.397492685512961
100000
2.2306222119671024
2.256245369480272
2.4299426925397505
2.251413277431033
2.086221802015452
2.0472693240566286
2.079803605315117
100000
1.682985347052621
1.5963789613511317
100000
1.840220082765569
1.6339874306671727
1.9602151242882528
100000
1.4896404461773358
1.6273969072915822
1.7070234495309835
1.652135037267307
1.550204962458164
1.4529521138366135
1.398740680185594
100000
1.5990866735184044
1.5333225594963902
1.4009989290273623
1.3583832449302193
1.3165804365236948
1.3645351831426962
1.311241681377304
1.3762136300052956
1.5818840626257946
1.5601948969914223
1.4533061491456616
1.4723489590487457
1.5137966888897956
1.4865379382916861
1.6151846264770091
1.1111586795195885
1.2108846919354572
1.3545306647409854
1.112021406753207
1.0359033044662322
1.038255370962146
100000
1.0018749346488387
0.9939193863752862
1.0285258706080433
0.9960833307557825
100000
100000
0.9694883892877799
0.9333956035987028
1.0043855347512147
0.9718830151638465
100000
1.0576250152664022
1.133635604778184
2.0879003275598165
1.2701846840342732
1.3896825428656325
1.3979631737336762
1.6608405284569199
1.7427901878558145
1.9488282266439536
2.0988837379260845
2.349246957559004
100000
2.450235403420749
100000
2.30282220102412
2.2430507207533115
2.3379736700415505
2.4438731240436646
2.674707879256399
2.6146144365764106
2.6026752876246295
100000
2.5413010408662697
2.505160775624947
2.4496532029913225
2.3823125436018096
100000
2.7161833520089624
2.7231555335811537
2.612830618661802
2.3583496998518254
2.6732721622881703
2.4516394165319846
2.3671624332861607
100000
2.4872023722806915
2.3036990525856598
2.4526082102214515
2.3224877997783127
2.2604236827102
2.294469860420122
2.2512880889071702
2.3771922474300777
2.299393182853145
2.2992224526550005
2.0962071314008037
2.036275861606599
1.8655900120113535
1.6637447813293098
1.586276289652649
1.6632949248751532
1.694096820781402
100000
1.6592528781746005
1.5668792287978575
1.7555027568639099
1.5057096765586175
1.6115495414541052
100000
2.3435835411697608
1.5380354094821804
1.7206193505217005
1.949474339944191
1.677478490487347
100000
1.7929876275841048
100000
1.8255825174142926
100000
1.4245562008307713
2.7447280145994672
1.331755490737906
1.2921976403879423
1.541196771703228
1.310206242891844
1.3038481479822366
1.3090967324806746
1.269358958211367
1.2453378671727877
1.2041566782383561
1.1807715619136172
1.1934407575330555
1.187999475544492
1.427651571464379
1.140536990542966
100000
1.1424121226890451
100000
1.4165352623763658
1.0976304354392072
1.0917520831853254
1.0795556476540036
1.078365547056583
1.078109971980098
1.0592547866292383
1.0389777180914601
1.0875156188998754
1.2705393230321604
1.069245517558137
1.1900076049692296
1.3000146622878719
1.3311842195878922
1.4416971481888037
100000
1.5102305505215883
1.4652556999303235
1.5941053005320556
1.7688613648511233
1.9366888867414036
1.9208448489474508
2.017335527477242
2.2469860733117186
100000
100000
2.486813670130561
100000
2.360349880336753
100000
2.0077998088618867
100000
2.1790670288391594
2.3159799807857
2.230354493068407
2.1167317516260766
2.2475280542904597
2.2601020760535375
2.390531407984885
2.1910857615193895
2.2548950643206367
2.470382854002303
2.5475568644262254
2.55760112053982
2.597436985832818
2.4362211182010105
2.195059927363136
2.190998053301971
4.34515551656611
100000
2.264610673520694
2.2075729482036377
2.221670711454081
2.024356604492003
1.8885925811627169
1.8546896989231703
100000
1.7389586670265065
1.649099493083476
1.5623423648891033
100000
1.4262421209575658
1.383461439489197
1.3740322700006966
1.4235576632274005
1.646451285904436
1.5827337556254284
1.6212312298187692
1.946685636601029
100000
2.1496323309966527
100000
1.416409778846897
100000
1.367472113689523
100000
1.2898578098939522
100000
1.2630771058221117
1.5612150626049004
100000
100000
1.3318483159582046
100000
100000
1.2619978249027732
1.1620236101896326
1.1490135491476667
1.1015313091457113
1.3866454042311946
1.1106303416766983
1.1089632310384074
1.0914137875409229
1.0847374435627102
1.0872660272467816
1.0810555338722305
1.0635605028086932
1.0441843393793557
1.0439848856838316
1.0487059914673416
1.0608881422364658
1.0302573434675584
1.0363625643984198
1.0231925364120726
1.0278575752788097
1.0291504941127505
1.0406811718862892
1.1373978568317098
1.2475416440782763
1.4908371415175707
1.7373747901657965
1.951512673150661
1.981915607487566
2.1077859045614162
2.280425625262835
2.442210126016907
2.483578889807696
2.4721808317745424
2.4439367175505478
2.4630619330896066
2.6731168662149964
5.226710164030107
2.6988357479245035
2.770591537509123
2.53844501368046
2.403290288399027
2.6351707762447756
2.6107161177890528
2.5022193905357084
2.311075750348689
100000
2.6785002918336347
2.5514811354005515
100000
3.1816573594593156
2.6795465231374562
100000
2.60119367346211
100000
2.353137625088848
2.4020684336857805
2.2801840303230203
2.232935145863627
2.274397668341035
2.3400500461840186
100000
2.7349341827711235
2.229416134702072
100000
2.202098626273286
2.1761014192699766
2.1292322616959325
100000
1.7837733738901993
1.8512900414699383
100000
1.8311757226065684
1.8285792928325495
1.91574466235547
100000
1.4447105703407706
1.5587465023419353
1.6086471840027023
1.5053246119757935
1.5563458583847984
1.4852257526005601
1.4664359602129367
1.4536899962473484
1.4653167936873701
1.7066354321492572
1.6546324529907064
1.5564571573183867
1.4923908798775443
1.4063957331816708
1.3813611123704235
1.4301706357064325
100000
1.4015915289170195
1.3289881272675055
1.33658366116753
100000
100000
1.5161324317301883
1.164086614500032
1.1341567500887284
1.1822693399629522
1.1314125547927916
1.1361315280692847
1.1142029660649455
1.1127218924834978
1.096853478975514
100000
1.090705230645698
2.138584212236364
1.1917741601956482
100000
1.0637795079499346
100000
1.0665833475579727
1.05613008164496
1.0256904178905546
100000
1.5681594490371116
100000
1.8669228155639734
1.818367207328469
1.9124311759885408
2.0677757264452485
1.9933585303585848
1.8458107646176236
2.0685529613513887
1.9559339397644167
1.9810498586485243
2.184314848306653
2.254012971660961
2.217575418908115
2.1323000242841137
2.2565784176674772
2.3833038478952138
2.6194009464905896
2.6771443451972288
2.9428531908024143
2.7782107497331068
100000
2.476928373866297
2.667311726357396
2.437934194975012
100000
2.3898374251476926
2.3395871497458276
2.434106801843369
2.6282870030997
3.105139742555432
2.7584297162868983
100000
2.650435949657472
100000
2.141313165875621
2.1351579761015227
4.318228269139357
2.2186412654879217
2.0241507948451054
2.0790181954951272
1.9121211769244164
1.7831539126095308
1.6534332846405133
1.8519765997572095
100000
100000
1.63976257112905
2.3002014346890665
1.4407998230831394
1.5129918594004579
1.383092743560406
1.323510623650416
1.4232633197082214
2.7942253179642296
1.3247756576098686
100000
100000
1.3602155354471788
1.3761167837189974
2.325292232999132
100000
1.3559832809773211
1.40354930795039
1.4407799468863034
1.3675202795107966
100000
1.9631126127223923
1.572258917198024
1.4714452523881627
1.3875796001713954
1.3513944244683382
100000
1.3115316016655996
2.095568132626702
1.2720665722509361
1.2473083086448826
1.2211400092485536
100000
1.147397034352319
1.1271188021697858
1.0907730911740625
1.0728716879013687
1.0747763102552352
1.2800873617946742
1.0754134520209302
1.0969428200076299
1.0694078460110592
1.0664580833254964
1.0633796802070337
100000
1.024961928841161
1.0179038084656324
0.9963507968254425
0.9914097288398334
100000
0.9956454350190841
1.019900589800219
1.8141730620777097
1.0542176537821573
1.0418409049561936
1.6174677671742619
1.0696910397930177
1.0711351068698012
2.081969184499214
1.8251425643427148
1.429093513981855
100000
1.6365706026651463
1.5551400961841322
1.721718367584707
1.464293752960193
1.6811077689221214
100000
1.4988286579099084
1.488688527466607
1.265693105491727
1.2297279064708024
1.271308654113502
1.4223205232492606
100000
1.7543401912144334
1.5140000472523103
1.3236716022364108
1.5545374614471759
1.2638179054806027
1.2766123364157027
100000
1.3452860636990378
2.624602377908424
1.489949595469028
1.5442103510202791
1.6111289955028862
1.6615873026481571
1.5701825379404226
1.6146629446593226
2.190000417183289
1.3351778275043416
2.774177167024159
100000
2.153837884835157
1.532308348653856
1.537020031311618
1.5300950862509055
1.3236290521613252
1.4622755787139012
1.1674360462245974
100000
1.1855046068153596
1.191376418684154
1.2124804262909425
1.2237594527088982
1.2029045455667402
1.253429949172317
100000
1.5019391606583152
100000
1.4470024369798
1.1910323554268438
1.1615269501641294
1.2452116945503928
1.2179139265286596
100000
1.149485908473492
1.175806430887627
1.1795938050346895
1.102913897389412
1.0780615953959412
100000
1.4247914902522936
100000
0.9690183073361675
0.9709238028725092
0.957683936607409
0.9574217117714765
0.9506059802366881
1.01410740236996
0.9478819810488405
0.9326185084978008
100000
0.952235431782262
0.9406939681914965
0.9502069862714112
0.9170940850616547
1.3854636812834984
0.9393505724499405
1.0907166133510575
0.9193628038920841
100000
0.918047126211749
1.4884710487482635
0.8959720697211137
0.9303152941910264
0.9155005018256909
0.91462541710563
1.4569750349543948
0.9820197925886538
1.5616725580887938
0.9520655040136494
1.595539671185611
0.9750733786977229
100000
1.006712373999647
1.0351817004164487
1.0956290520113936
100000
1.0629155305874658
1.061460883912326
1.0318317067103933
1.8798265916158226
1.0933721547533992
1.0770855843835687
1.1025840279141845
1.316667693077661
1.2051662581366083
1.2817576627499088
1.2724281527481691
1.1479643351689466
1.1534841323339804
1.314237540658621
1.2739842899546767
2.307839361096703
2.3970045917706675
100000
1.3132937713812216
1.4859883088391568
1.1631137540487404
1.1317197201606608
1.1430740818368652
1.1479350197558493
1.158547233051912
100000
1.2340739196418216
1.2362021856017182
1.1583615243267278
100000
1.200762154203294
1.652504568794142
1.2151434102163623
1.4171117066754804
1.622418998871246
1.229118473598
1.1454246795510954
1.283178276546551
1.3094344624795877
1.1691601501089783
1.2039096748648777
1.205003748958527
1.2023761093721823
1.8973848113332423
100000
1.2877691540550658
1.2199518680605057
100000
2.026655083461648
1.2041864532884206
1.2456758419335456
1.2060361838598284
1.9644664012604638
2.3409980202954506
1.3489049801531212
100000
1.2938571653582411
100000
1.2120199531395222
1.3400529179993326
100000
1.063250636249351
1.041253172963438
1.077818807122339
1.0139528290690085
1.2729670435375189
100000
0.984264175503207
0.9561367888859862
100000
1.8897853079754243
100000
0.9910515784751169
0.895148233242662
1.6053042461346079
100000
1.3692966259836385
0.9034578430507466
0.8866554028723092
1.7672976845787147
0.88813347788164
0.8998663243605836
0.9218464014120396
1.0175283659225383
1.053741862023458
1.2073564308050504
1.465211422181552
1.546242805976237
1.5942471553034236
100000
100000
1.745035835377205
1.798737218625168
1.8110103316209112
100000
2.22130636698086
2.104640062821127
2.3913882523897128
2.430940810372805
2.196567972878341
2.2388161820868016
2.151473373801578
100000
100000
2.160514509547374
2.311467367288491
2.538834655766953
2.453635942243286
4.726781872760849
2.451060194675679
2.244916742616112
2.2695541855528645
2.365340869671622
2.447367438016875
2.487214877659647
2.398167929524867
2.236047751837334
2.18206358494304
2.1174641537799404
1.995387550332779
2.030420887344106
4.274020985288718
2.23347331331571
2.2605945564962866
3.8107052272034556
1.7404728631858843
100000
1.4868912893497352
100000
1.3685940919313664
1.4449266403831218
1.4447339615262729
1.3451001527906692
2.5720528964382234
1.4505957501573188
1.4544043605885357
1.2780877377965452
1.3745281628981674
1.3770039963946077
1.4527383890920953
1.5241327367905342
1.5271523187586349
100000
1.3040261769045924
1.4155707853790276
1.23923246965697
1.3019017189938489
100000
1.2674421406973821
1.2270055671209514
1.1583898400771624
1.136057551795529
1.1259484123651706
1.1162898935274825
1.1581546325575913
1.1297060660382796
1.1072134503937594
1.0658628351295103
1.0734868193777434
100000
1.0323697948805681
1.0105461786667256
100000
0.9605071827470215
1.0339687343535389
0.9716642356089249
1.035698447254995
0.9456456915334807
100000
100000
0.9246467324069889
0.9173274419743871
100000
100000
100000
0.927277898212202
0.9294977451719801
1.0772967112182157
100000
1.1567040034672773
1.352656169703618
1.4617421500761065
0.9340386914944814
100000
1.4992004554809153
1.5318422707353547
1.6949906292587875
1.7596798547434118
100000
1.7763620183194235
1.9261423999633214
2.1896936599112786
2.2336876939929358
100000
2.2710341672875614
2.598869418572857
2.078519190984353
100000
2.2954172957921557
2.2705545510201577
2.792644339098345
2.7536448874559127
2.5509016747131397
2.553860596154657
2.6578025552812066
2.56900789786634
100000
100000
2.5902528001605165
100000
2.7228338080997427
2.8482210290123406
2.7264260681090864
2.3490943906630375
100000
100000
2.443339286954737
100000
100000
2.283268640891883
2.260757759027615
2.8886778467236898
2.168374023217549
100000
1.9994886553155802
2.0945757157804916
2.883070131329811
100000
1.5547499022793367
1.5506925167241168
1.4857732309671743
100000
1.4736212923018335
1.7042233144167969
100000
1.6558061708239664
1.5258115086106594
1.608769129641083
1.6777535104625239
1.5192601576637268
1.45080519614875
100000
1.4741126630745065
100000
1.407887369220403
100000
1.4051972861695143
1.3716829021210224
100000
1.4427071333463242
1.375319768155102
2.6304195252943985
1.3343421827585495
100000
1.2900022274680938
1.2910403417760519
1.2821848616026625
1.2609162188138994
100000
1.2194385189470733
1.2153403091358281
100000
1.15776491679433
1.1788681245703811
100000
1.1394044984216707
1.1319460986718275
1.138979125962344
1.1228546976994005
1.1284047982963559
1.123501434960999
100000
1.103315394034703
1.1088138989594865
1.080346195638144
1.0909783574730638
1.1016628705678244
1.1757020221377554
2.81113097853534
100000
100000
1.6077297200939031
1.8059380832779004
100000
1.8258802893857675
1.977287479893586
2.1008714139415505
100000
2.271031967476606
2.5069189873808724
2.6569083609518676
2.4691476840761952
2.4388017320273163
100000
2.339428900607924
2.2105793691248548
2.3420743358990426
2.293233183997492
2.5870357939184925
2.3485357410222294
2.3489222696384675
2.645805441254666
2.4971720767063488
2.4828071924553554
5.117918158881145
2.4226407209306777
100000
2.3214486059288015
2.297551721676005
2.368479293851164
2.4941545943507584
2.3587566241887807
2.186933068705138
2.215748533869456
2.107767541449122
2.310394618429491
2.1143369690263216
2.020300376469018
100000
100000
2.294967081401186
2.794918017986032
1.903812582864144
1.7917685248213724
1.9303006556167919
1.803175148821023
1.7950004057697673
2.053878605405303
1.8464585470980717
1.5964401652230484
100000
1.9062566770582356
1.8532794970790043
100000
1.5180708342246727
1.5940937253167953
1.5146290935563542
100000
1.522761541355571
1.5154847184131446
1.4697196028765251
1.4451314773465096
1.4409678270360178
1.4157878623031224
100000
1.36057820359934
1.3875351774280456
1.3224370185303005
1.410421969261236
1.376986782406427
1.3581586566706934
2.50224015973358
1.2306640744396755
100000
1.1989171336759537
1.1754381932848417
1.1670601150304103
1.6593089319770649
1.147740694681655
1.151275285420908
100000
1.1681472397098045
1.1727765650032378
1.1475882980600318
1.1478155598941708
1.117515593047262
2.1949323628191677
1.1165994778829462
100000
1.1024452097733184
1.1096522602394627
1.110345127824301
1.3356518973587264
1.4357460739194305
1.4556266914427924
1.9203232257979714
1.8271104651209866
1.8542904821928892
2.0249129511741564
2.0193731089753446
