100000
1.9259695935296137
1.8846975896449831
2.239279949617007
100000
100000
100000
2.4984195452641726
100000
2.4070688134352856
2.3888141552520565
2.530485067109802
2.495056624342158
100000
2.742280086127185
100000
100000
100000
2.618836380858174
100000
100000
2.810064270733737
100000
100000
2.613416558993557
100000
100000
100000
4.789245812167556
100000
100000
100000
2.396834045799502
100000
100000
2.2760550230162897
100000
100000
100000
2.028887975464274
1.8056744703230767
1.5608477322539958
100000
100000
1.5687803672674037
1.6160525218812931
1.612573325241382
1.663427376419012
1.6420765694930308
1.4946068216592456
100000
1.6026495208074454
100000
100000
1.796536662548638
1.782861802141493
2.0625920328120815
100000
100000
100000
100000
100000
100000
1.2921619872164058
100000
1.3953351606715887
1.2910753240601347
1.3585194741255713
100000
1.388861511855274
100000
100000
100000
1.02811324622702
1.2723454095393028
0.8920443221520801
0.8641229401915187
100000
0.8402386034544206
0.7823280165085137
0.8709524917148599
1.0981357785802923
0.9847030821972785
100000
0.9023259208087665
1.0603544175963078
100000
0.9339394893546566
100000
100000
100000
1.2823481280724245
100000
100000
100000
1.460608394306534
100000
100000
100000
1.8290522463383865
100000
1.8655111099579804
2.025732077947234
100000
2.207515422991318
100000
2.488762116216034
100000
2.437079506181164
2.572592990753101
5.112213802735202
100000
100000
100000
100000
2.683589471384894
2.595745266733002
100000
100000
2.3915546777624335
100000
2.590543102750583
100000
100000
100000
100000
100000
2.5366632796360356
100000
100000
2.0736525758264652
100000
100000
100000
1.9167739526233665
2.157349390274888
3.9028033009110983
1.6819007393443712
100000
1.5628195081494811
100000
100000
100000
100000
100000
1.6972695579719164
100000
1.6401719239870038
100000
1.3581080805690924
1.5673134637202237
1.6382153211736459
100000
100000
100000
1.5551147570330761
1.3249026711311236
100000
100000
100000
100000
100000
100000
1.049641512604108
1.1774363383523665
100000
100000
100000
1.2803998966411578
1.1174734365622512
0.8898354884649909
0.9076827670055585
100000
100000
100000
100000
0.7995743727783331
1.4293947727132135
1.3517296607827964
0.758893368817367
100000
100000
0.8135168042303723
100000
100000
0.9643945296870774
100000
100000
100000
1.2419262762246615
100000
1.1660775877894962
1.2748549688974777
1.2515131838888487
1.1818170742115384
100000
100000
100000
100000
100000
100000
100000
100000
100000
100000
100000
1.59090101735009
100000
1.6592674101208906
1.240898019214062
100000
100000
100000
1.5636164852427898
1.4784199196039312
100000
100000
1.3173171587976664
1.4466920976454731
100000
100000
100000
100000
100000
1.440436267617103
1.5994491156184418
100000
100000
1.5875659893622058
3.202550350904055
3.337965694367916
100000
100000
1.360559399635012
100000
1.3938173042808837
100000
100000
1.1660971958540687
100000
1.2283600573744473
100000
1.3924253281779064
100000
100000
100000
1.7708480952312158
100000
1.3575972684444253
100000
100000
100000
100000
100000
100000
0.9933344019726225
1.072700502628528
1.829728732239284
1.2482330933815522
1.023781124692209
100000
1.9284992175531708
100000
0.9323323866927198
1.0570685612740676
100000
100000
100000
0.8890406850451228
0.82669775102882
100000
100000
1.1976392551023325
0.825331566419422
100000
100000
1.0383872814099373
1.143291959269343
0.7854509950467516
100000
100000
100000
0.7372675957563556
0.7322577627244995
100000
100000
100000
0.762911533679099
1.0184641554825702
100000
0.9141573647795941
0.9024100749578269
100000
0.8991118375537502
100000
1.1498850115330725
100000
100000
2.2868255156268145
100000
100000
100000
100000
100000
1.2285258337266196
1.8297093659282637
100000
1.6916556386177413
100000
100000
1.123992818766995
1.25889199171551
1.7093609242810497
2.371336786692075
100000
100000
1.2498329334056477
1.1056264328740375
100000
100000
1.2605397443462483
1.4557330454361224
100000
100000
2.383594456418025
100000
100000
100000
1.3156148660924913
100000
1.1202411471190319
100000
100000
100000
100000
100000
1.806780228625413
100000
100000
1.2774931052750982
2.6672423308838686
1.3042955076633287
2.6497747368196
100000
100000
100000
100000
1.3607273704592586
1.2473418974824113
1.4311445310937547
2.3055233139257587
100000
1.124964221932432
100000
100000
100000
1.0806815133867687
1.0272077820760692
100000
100000
1.0626343593314695
100000
100000
100000
1.6377341916818973
100000
0.8407900579826071
1.4001869825733606
0.8739749289964366
100000
0.8118949714758673
100000
0.7159736633341856
100000
100000
0.7329161547723839
100000
100000
0.8979823482898027
100000
100000
1.2838758975876958
1.300834004714611
1.5164337585357577
1.6684947574332003
100000
100000
2.1138953594940944
100000
100000
2.1925184443729755
100000
2.3309400474665045
100000
100000
2.7041536705286764
2.728786790240341
100000
2.7067120729762664
2.9132440498550354
3.0185584863383186
100000
100000
100000
2.9602497341208793
2.909476595152995
100000
100000
100000
100000
100000
100000
2.6738836709552958
100000
100000
100000
2.3476860364712797
2.518458376811608
100000
2.4520533215355744
2.700988240961538
100000
100000
2.5498335184994274
100000
1.9537878499206283
3.8215985046563183
100000
100000
100000
1.7990744345703449
100000
3.5539832925280983
1.671214501270584
100000
1.597434507024097
100000
100000
100000
1.5046344787377253
1.6253638926773304
100000
1.470734819780383
100000
1.363061684521626
1.4834768091316666
100000
1.3982963811183928
1.452916366581112
100000
1.230986644979632
1.707594385195819
100000
100000
100000
2.549606172304208
100000
1.1620283646337726
1.1427706255841532
100000
100000
100000
100000
0.9114047465992845
100000
100000
100000
0.8718110307613487
100000
100000
100000
100000
0.8274786697588732
1.048462441661106
100000
1.2236553161614705
1.1855156357591052
100000
100000
100000
2.278090977160669
100000
2.060019784461303
100000
2.3225272856613834
2.40860958280285
100000
2.6279249298268996
2.72168261103549
100000
2.8970477483904897
3.4635993357219292
100000
2.6173921747720827
100000
100000
2.63383207870775
2.5482266724382168
2.7010724059526554
100000
100000
100000
100000
100000
100000
2.566528755928186
2.8308201141834197
2.7071246398359112
2.666611725960042
100000
100000
100000
100000
100000
100000
100000
2.379262960546619
100000
100000
2.1343966902256404
2.0063138998204417
2.056044786297154
100000
2.038895756491867
100000
100000
1.7417147251893337
1.7728140547284301
1.6455252931046542
100000
100000
1.8718601548684881
1.6193432799691987
100000
100000
100000
2.221302749054972
1.539513270475484
1.542159906364144
100000
2.083329323357205
1.4914917650872894
2.0071029493374235
100000
100000
1.3972347564678735
100000
1.170481954988445
100000
100000
1.2254436459416045
100000
100000
2.090201518993074
1.1003986817228737
100000
100000
100000
0.935949334235829
100000
0.9153781002107257
100000
100000
100000
0.865716101726371
0.8738012558616034
100000
100000
0.8794684356028872
100000
100000
100000
1.5150731606465473
1.4466454442012304
1.5727094796756247
100000
100000
2.099150979710464
4.202177050109214
100000
2.3651815709585042
100000
100000
2.4631472414695827
5.225231035301682
2.580558576322157
100000
2.5482237677410025
2.73077100534611
100000
2.7411575103666226
2.7294834461103132
2.5843833272345544
100000
2.484566001948134
100000
2.5999018606201103
100000
3.030861804275586
100000
3.124889068800055
2.9671870713039548
100000
100000
100000
100000
100000
100000
100000
2.817306832211536
2.7574599148861103
100000
100000
100000
100000
100000
100000
2.060242001361689
100000
100000
100000
1.815404299078817
2.8219363586523643
100000
100000
100000
1.838550203460143
2.4811777792733487
100000
100000
100000
1.7299436987009693
100000
100000
100000
100000
100000
1.5718222215444972
100000
1.3996795442243786
1.3300706185170754
100000
1.2965393597404458
1.141656171021511
100000
1.1828466349888282
100000
100000
1.2931793057848184
1.2685257083138144
1.1781063653244719
100000
1.0346522488736216
1.1458759237182223
0.9828882621081697
0.958425684985602
0.931307051630816
0.9189530672635866
100000
1.6016982942632534
0.9235351076463209
100000
0.8941321191999243
100000
100000
100000
100000
1.4352058934049927
100000
1.5418479527541133
1.7362800714605326
100000
100000
100000
100000
100000
100000
100000
2.4206100147371834
2.3469198650869494
4.656903830396462
100000
100000
100000
100000
100000
2.649772730477237
100000
2.8158438625428333
2.8444089338469767
100000
100000
100000
100000
100000
100000
2.775988014828445
100000
100000
2.452602401411593
100000
2.561603767374962
2.4451040328366047
100000
100000
5.103251283823043
100000
4.79272952764066
2.302939543090807
100000
100000
100000
100000
100000
100000
100000
1.7362712041043638
100000
100000
100000
100000
1.539815106402981
1.5964561656214196
100000
1.7566422999462603
100000
1.6668481967047946
100000
100000
1.859724775652505
100000
100000
1.7354547297831884
100000
100000
100000
1.5359447005783446
1.5487375034869744
100000
1.592385361416679
1.0687053401983255
100000
100000
100000
0.965206637425192
100000
100000
100000
100000
100000
100000
0.8825485508800841
1.7316945693140586
0.837947639654505
0.9214651504337235
0.9059275103673734
0.8341499279595308
1.384372783917012
100000
100000
100000
0.8004147193076361
100000
100000
100000
1.431434033403303
1.4041207071890542
1.602836364775409
1.926276192541705
1.8420929601015927
100000
2.026000628707184
2.15458533789427
100000
100000
100000
100000
100000
100000
2.54892510418753
2.7195220430314713
100000
100000
2.4954232004982546
2.400323781278135
100000
2.7315879982289957
2.72111356077275
2.6654050664775815
2.891518052303256
100000
100000
100000
3.0962655560263634
100000
2.71217769895646
2.609040504489146
100000
100000
2.3206000112342275
2.497081176543219
2.476465578354146
100000
2.555511770420324
100000
100000
100000
2.08016578854656
100000
100000
1.9678339246387548
1.6055414661750822
100000
100000
100000
100000
100000
1.4242899519010348
100000
1.9906763773203136
1.5350691553944475
1.4500767239033552
100000
100000
100000
100000
100000
1.1443331514055881
2.4111570552933803
100000
100000
1.4919898926797337
100000
100000
100000
2.029474603581589
100000
100000
100000
100000
100000
0.8920588607238163
100000
0.8744706340019502
100000
100000
1.6512752328584164
100000
100000
0.8268886528628402
0.857403164403275
100000
100000
100000
0.8124996408012872
100000
0.8290105519647069
100000
100000
1.6425904913177773
0.8236087328978632
1.128383017695493
1.0425382191546733
100000
1.2014269076806552
100000
100000
1.0088756546698776
1.8079555403093162
1.2414840871125394
100000
100000
1.3248968395494247
100000
1.4758870169391487
1.610555470167211
100000
100000
1.4386049486106411
1.4124830079423032
1.3062955608989462
100000
100000
100000
100000
1.6164867312865978
100000
100000
1.656293453479597
100000
3.281006017321956
100000
1.5402918161615144
100000
100000
1.4763248152106685
1.772144376642925
1.4449348067081147
1.574101062166901
1.5239175660624047
100000
1.4077507393594888
100000
2.5704451709132456
1.6571905174074117
100000
1.2780958871675299
100000
100000
100000
100000
100000
1.4116034253794325
100000
1.2648214960610398
100000
100000
1.1308398076734554
100000
2.3567428095524994
1.760072623072047
100000
100000
100000
100000
1.6051378268855765
1.3858199930860797
100000
100000
1.22293850443497
100000
100000
100000
100000
100000
100000
1.158712629765233
100000
0.9237978303621812
100000
0.8673843604308834
100000
100000
100000
1.7185180357557113
0.8369843465560527
1.1253501922817561
100000
1.6720493692548326
100000
100000
0.8271883949417278
0.8195186469656303
1.0274802741896885
0.828158025109251
0.8382882493161431
100000
100000
100000
100000
1.0222209831089166
0.8788054638774485
100000
100000
100000
1.3946293618194132
100000
0.9777400209476705
1.2318342337102948
100000
1.0467860527464197
100000
100000
100000
100000
100000
100000
100000
100000
100000
100000
1.2025036586874451
100000
1.1412513071829269
1.2499370402847638
100000
100000
100000
2.6985541993470297
1.4326455129731546
100000
100000
100000
1.3265498581698483
100000
1.4218525961971442
1.5181274315661042
100000
100000
100000
1.4387259427532753
1.4461524340936873
1.4698878644617315
1.3018024866857731
100000
100000
1.236160788348801
1.3542393838881568
1.565756406799675
100000
100000
100000
100000
100000
100000
1.6635201572517222
100000
100000
100000
1.1984882031656674
1.2194980243217672
2.3501321469879715
1.2030792048048053
1.1008692958112876
1.1578437456937598
2.0722991971483298
100000
100000
100000
100000
100000
0.977069879584054
100000
100000
100000
100000
100000
1.2591091732940012
100000
100000
0.8406946281885753
0.8296707574347411
100000
100000
100000
1.4319501390237197
100000
100000
100000
0.7837535552666031
100000
1.0126474829602745
100000
100000
100000
1.321289831363344
1.2601882471347061
1.2747099086934726
100000
1.035129802243763
1.6262903944410154
3.1628081606395666
1.4003116539893259
1.5554060261705742
1.607763328745976
100000
1.7723571345446723
100000
1.8596166227446806
100000
100000
1.9872150279111045
100000
2.0699541844255522
100000
100000
1.8518886337486538
100000
100000
100000
1.9484752702303219
2.051666476530483
100000
100000
1.9797603755336624
2.1621789630406925
100000
2.0334488870721423
2.1227859019400763
2.117296561138028
1.959385442863707
100000
3.7827358343594617
100000
100000
1.5933446749837943
100000
100000
100000
100000
100000
100000
100000
1.3279505210590914
1.5357049384433843
1.3429368666958845
100000
100000
2.6024680024120723
100000
100000
100000
1.3604311390273043
1.3064642157299482
100000
100000
1.3719298907120387
100000
100000
100000
100000
100000
1.946245091532591
0.9661172513768249
100000
1.0010420537067006
1.1411868286214668
1.1899457660756483
100000
100000
100000
100000
0.8720511880680332
100000
100000
0.7588391741548417
0.7784728881907015
100000
100000
100000
100000
1.2153343323302548
0.745489945363891
100000
100000
100000
100000
1.0022167819530965
1.0699372046847608
2.5790275049082587
100000
1.4356147588426444
100000
100000
100000
100000
2.0532170720002494
100000
2.0673088025797166
2.1603444946154644
100000
100000
2.3900597476220757
100000
100000
100000
100000
100000
2.280835423155613
100000
100000
2.50790620815172
2.438582653741779
100000
100000
100000
100000
100000
100000
2.569005467708984
100000
100000
100000
100000
2.2030333853327035
100000
2.136392754259098
100000
100000
100000
100000
100000
100000
100000
100000
1.9209199391310599
1.6592577836031825
100000
100000
100000
100000
1.7996791872571634
100000
100000
100000
1.7770981759394817
100000
100000
100000
100000
100000
100000
100000
100000
100000
100000
100000
1.3390903920307344
1.120294996835793
100000
100000
1.7341501721640515
1.957697006711881
1.0450014250532655
1.2253431584629793
100000
100000
1.0055947030773411
100000
100000
100000
100000
100000
1.149950405166865
0.8327152129078215
100000
100000
0.9971056328078576
1.5671352557083493
1.0100710183187316
0.772013696664827
100000
100000
1.5227273139215332
0.9670939690399972
100000
100000
100000
100000
1.9953408398382597
2.402299886549533
100000
1.9691728929345511
100000
2.141575935626911
100000
100000
2.328075858722481
100000
100000
100000
100000
2.2980972047388812
100000
100000
2.279546884341954
100000
2.281485896516207
100000
100000
100000
2.2322697849132282
100000
2.4020085703870397
100000
100000
100000
100000
100000
100000
2.053946615838698
100000
100000
1.8584578867498138
100000
2.2773791785426494
100000
1.933210500981291
2.468352274229348
1.6913150250387115
1.8794630583643974
100000
100000
100000
100000
100000
100000
1.529319585187414
2.1288895195970303
100000
1.5141838102706677
100000
100000
100000
1.5344595461754331
1.2335516889117462
100000
100000
1.2511531539946485
1.1637148475312733
100000
1.4458557457492014
100000
100000
100000
100000
1.1354805205902412
100000
1.2020059043174691
100000
100000
100000
100000
100000
1.071490194220098
0.9794668118962442
100000
100000
1.8758992308148317
100000
1.085831210010159
0.9269837503000943
100000
100000
0.8849845488754773
0.8948447258366267
100000
100000
100000
100000
1.1062130821767113
1.2355607052821251
1.517552961256279
100000
100000
100000
100000
100000
100000
100000
100000
2.2149849609554764
100000
100000
2.1739415871593852
2.153858146631079
2.175324956922369
2.4135120621127117
2.5385313342972258
2.476035253227718
2.1459381391637677
100000
100000
100000
100000
2.361864743108067
2.5833321548770973
2.5027106221454245
100000
2.4195561231636864
100000
2.6093543364734355
100000
100000
100000
100000
2.282381062534275
100000
100000
100000
100000
100000
100000
100000
100000
100000
100000
1.8852711789742391
1.4088250966833278
2.8520952182043504
1.3323412930095877
100000
100000
100000
100000
1.4607243968731018
1.9581454602019548
100000
100000
100000
100000
2.6649013824479058
100000
100000
100000
100000
1.4878471261219
1.468046973115233
1.5587164524040924
100000
1.3398680345440648
1.2984844801092412
100000
2.482645953260659
100000
100000
100000
1.1262552877318224
100000
100000
100000
100000
100000
100000
1.2084023369461816
1.3455402430318122
100000
1.0858576667412274
1.0025897475898546
1.123515044886634
1.0125063494277344
1.0068803679164058
100000
1.4901638379179365
100000
100000
100000
1.0936827369225999
1.2332996690782265
1.2434267712484006
1.421844020298819
1.6020376528305051
1.695411530616625
100000
1.8074015636579464
1.9829197981787927
100000
100000
1.8338581761507533
1.9340381537368383
2.262362874878101
100000
2.2969018436713715
2.158853026578883
100000
100000
100000
2.1017798685337947
100000
2.476244571711749
100000
100000
100000
2.2331203177072574
100000
2.2150198179630975
100000
2.20877564501698
100000
100000
2.2004303388850293
2.1358091698332577
1.9264248686134997
100000
100000
2.1911439820352148
100000
100000
100000
100000
100000
100000
100000
100000
1.5967765936844442
100000
1.4106287950026275
100000
100000
100000
100000
100000
100000
100000
2.214064514474599
100000
100000
1.4565984132540966
2.2906932915007014
1.2933837108139774
2.617278463739743
1.4376144243813016
2.687119877343633
1.3423518878869127
100000
100000
1.3454244967417792
1.1760537489174938
1.240378705853067
100000
100000
100000
2.0787792459005803
1.077895323373585
1.121154581713283
100000
100000
100000
0.9640329149282715
100000
0.9439777459832078
0.941775710041302
100000
100000
100000
100000
1.4026066176605947
0.9403569267083354
100000
100000
1.4778390980872167
0.9215278461924666
0.9274363439356158
100000
100000
100000
1.0563326550786838
100000
100000
1.1717723265806066
1.517002072803584
1.1162392674382633
1.2682681324957712
1.2726913421916541
100000
100000
100000
100000
100000
100000
100000
1.6930304456054794
1.6427700024394625
100000
100000
100000
100000
100000
100000
100000
1.444914906097239
100000
100000
100000
100000
1.4245799868179505
100000
2.848383679843453
1.917667603176096
1.3578163936606218
100000
100000
1.736962640780353
1.7549223572559827
100000
1.3465672459022149
1.5620166320816504
100000
1.7619534419394884
100000
100000
100000
1.6220013056927336
100000
1.3192651723259954
100000
100000
100000
100000
1.3496041573154847
100000
100000
100000
100000
1.2850325566650895
100000
1.2762868319205252
1.5068974953751235
100000
100000
100000
100000
100000
1.2384472867925505
100000
1.143994340605066
1.1254770119700885
1.0861198611459895
100000
100000
1.4898447127577048
1.0703650828047127
100000
100000
100000
100000
1.529463670167396
0.9646715987137503
100000
100000
0.9586428416294789
100000
0.9238386880821252
1.0290274975049718
1.1860730510285789
100000
100000
100000
100000
100000
1.010346609524875
100000
100000
100000
0.9303157199047315
1.0132769046300365
100000
0.9649522618097882
100000
100000
0.9731955804860764
100000
100000
1.1520168651810923
100000
100000
100000
100000
1.2117072637834894
1.0515120698127942
100000
100000
1.2542491384071117
1.3258868195760127
100000
1.2739861201587226
1.174549268452796
1.2291532927134314
100000
100000
100000
100000
1.263771481268712
1.1151674157496325
100000
1.1548369660465645
100000
100000
100000
100000
100000
100000
2.413485927355048
1.2897156150664144
100000
100000
1.3206241796196199
1.2893506899109042
1.3672309917656562
100000
1.6965412401521196
2.3411011627914986
100000
100000
100000
1.445299610711598
1.2821472671195098
1.1663659673579159
2.2416455050809465
2.3304138828308134
100000
100000
1.1802977046936065
1.1970419659758333
100000
1.0858691152934017
100000
100000
1.1809043147262657
100000
100000
0.9708883413061855
100000
100000
100000
1.0386259824498527
100000
100000
100000
0.9072518539069082
100000
0.9373200461591559
100000
100000
100000
100000
0.8974100127377426
100000
100000
0.9146057952888522
100000
0.8706236245393114
0.8736203121241302
100000
1.5667141297808571
100000
100000
1.714689828168909
100000
100000
100000
100000
2.140235308402523
2.2175587868444078
1.9887243800753334
100000
100000
2.146389263852229
100000
2.244196241598096
2.319980984875389
100000
4.356172341020798
100000
2.389544453334456
2.1460938866264936
100000
2.432446421541111
100000
2.2730160705113582
2.284997268072686
100000
2.4384505888116466
100000
100000
100000
100000
2.2111293300811936
2.2360764151318073
100000
2.361606463904684
2.2306222119671024
100000
2.4299426925397505
2.310786785512365
100000
100000
2.079803605315117
100000
100000
100000
1.627508471705205
1.840220082765569
100000
1.5981272760775416
100000
100000
1.6273969072915822
1.9394411390540187
100000
1.550204962458164
1.6306639585963922
1.398740680185594
100000
3.1981733470368088
100000
1.5422273711542651
1.3583832449302193
100000
100000
100000
100000
100000
1.5601948969914223
2.3154023449312784
100000
1.5137966888897956
100000
100000
100000
100000
1.3545306647409854
100000
100000
1.038255370962146
100000
100000
0.9939193863752862
1.0285258706080433
0.9960833307557825
100000
100000
0.9694883892877799
0.9337039500360029
100000
100000
100000
100000
100000
100000
100000
100000
100000
1.6608405284569199
100000
1.9488282266439536
2.0988837379260845
100000
2.5331692423472476
2.450235403420749
2.314933857074368
2.30282220102412
2.2430507207533115
2.3379736700415505
100000
100000
5.229228873152821
100000
2.4663425859499215
100000
100000
2.4496532029913225
100000
100000
100000
2.7231555335811537
100000
100000
100000
2.4516394165319846
2.3671624332861607
100000
2.4872023722806915
2.3036990525856598
2.4526082102214515
2.3224877997783127
100000
100000
100000
2.3771922474300777
4.59878636570629
2.2992224526550005
100000
100000
1.8655900120113535
1.6637447813293098
100000
100000
100000
100000
1.6592528781746005
100000
1.6772512385803229
100000
100000
100000
3.1975543703429814
100000
100000
100000
1.677478490487347
100000
100000
1.5892764851743633
100000
1.6329650683034833
100000
1.3723640072997336
100000
100000
1.5411967717032282
100000
100000
100000
1.269358958211367
100000
1.204873334035454
100000
100000
100000
1.3032854822775841
1.3120336525230634
1.1602383504560279
1.1424121226890451
100000
1.084271923624214
100000
1.0917520831853254
100000
1.078365547056583
100000
1.2618906737485427
100000
100000
100000
100000
1.1900076049692296
100000
100000
100000
100000
1.5102305505215883
1.4652556999303232
100000
100000
100000
1.9208448489474508
100000
2.2469860733117186
100000
2.3170733479635106
100000
100000
2.360349880336753
100000
2.380645222654988
2.1029360237303796
100000
100000
2.2303544930684076
2.1167317516260766
2.2475280542904597
100000
100000
2.1910857615193895
2.5766772144825953
100000
100000
2.557601120539819
100000
2.43622111820101
100000
2.190998053301971
100000
2.3220580410008322
4.529221347041388
100000
2.221670711454081
2.1082423786260596
100000
100000
100000
100000
1.649099493083476
1.5623423648891033
3.7101636639965556
100000
100000
100000
100000
1.5793994899048518
100000
1.6212312298187692
3.893371273202058
1.766908126156952
100000
100000
1.682942542452275
100000
100000
100000
1.6851879564144336
100000
100000
100000
1.1753971540288624
1.265867307431541
1.3318483159582046
1.260912379856669
1.9948977926677685
1.1896829002062574
1.1620236101896326
1.1490135491476667
100000
1.0860777182540449
100000
100000
100000
100000
1.0872660272467816
100000
100000
1.0441843393793557
1.0443278846197412
100000
100000
1.141751955850339
100000
1.123978193506999
1.1806527267693618
1.174019064785693
100000
1.3360131857060662
100000
1.4908371415175705
100000
1.951512673150661
1.981915607487566
100000
100000
2.442210126016907
2.483578889807696
100000
100000
2.4630619330896066
5.346233732429993
100000
100000
100000
100000
2.403290288399027
100000
2.5629948700021683
100000
100000
2.627795968526142
100000
100000
2.6191918975345776
100000
2.6795465231374562
100000
2.60119367346211
100000
100000
100000
2.2801840303230203
2.8066193971303717
2.274397668341035
100000
2.3787823000458164
100000
100000
100000
100000
100000
2.1292322616959325
100000
1.7837733738901993
100000
100000
3.6623514452131367
1.8285792928325495
1.91574466235547
100000
2.856855136593131
100000
100000
100000
2.8026151020933816
1.4852257526005603
100000
1.8439241239445923
2.9306335873747402
100000
1.6738078215714454
100000
100000
1.4063957331816708
100000
1.4301706357064325
2.3932658530382738
1.4015915289170195
100000
1.33658366116753
100000
2.186326846596108
1.241285286144713
100000
100000
1.1822693399629522
2.102950809129662
100000
100000
1.3834284065315756
1.2552550952890682
100000
100000
1.2591991225854293
100000
100000
1.0637795079499346
1.204085130237624
100000
100000
1.5181528088914518
100000
1.1632919614583206
100000
100000
3.43430036481781
100000
100000
100000
1.8458107646176236
100000
1.9559339397644167
100000
100000
2.254012971660961
100000
100000
2.2565784176674772
2.3833038478952138
100000
100000
100000
100000
100000
4.953856747732594
100000
2.437934194975012
100000
2.3898374251476926
100000
2.4341068018433685
100000
3.14341346491546
5.516859432573796
2.565582443065507
5.159677406146638
100000
100000
2.1351579761015227
100000
2.2186412654879217
2.0241507948451054
2.0790181954951272
100000
100000
100000
1.8519765997572095
1.9285888615302964
100000
2.315440004901701
100000
100000
100000
100000
100000
1.6711102639485444
100000
1.3247756576098686
100000
1.5147668584112477
100000
100000
100000
100000
100000
1.40354930795039
2.141833219751375
100000
100000
100000
1.572258917198024
1.5887814213126672
100000
100000
1.3080791414418365
2.1494941163387034
100000
100000
1.2473083086448826
100000
1.4617481313041554
100000
100000
100000
1.0728716879013687
100000
100000
100000
100000
1.070122158901392
1.3321980757596092
100000
100000
1.024961928841161
100000
100000
0.9914097288398334
0.9865119664466128
100000
100000
100000
1.0542176537821573
1.0418409049561936
100000
1.0696910397930177
100000
1.0917061600091196
100000
1.6787584076015545
1.1466700606016613
100000
100000
100000
100000
100000
100000
100000
100000
100000
100000
2.064492620247718
100000
100000
100000
100000
1.5079445838836325
1.4958766842854103
1.2638179054806027
100000
1.310472318495127
100000
2.901863138360333
100000
100000
100000
100000
1.6966602100396366
100000
100000
2.172257745913466
100000
100000
100000
1.410843213320465
100000
1.376780488130576
100000
1.462275578713901
100000
100000
100000
1.191376418684154
1.6031298402095975
1.2237594527088982
100000
2.273638408167283
100000
1.4300787049726216
1.167842978865835
100000
100000
100000
100000
100000
100000
2.298971816946984
1.6190981065220234
100000
100000
100000
100000
1.1539428586512945
100000
100000
1.8903176920017297
100000
100000
0.9506059802366881
100000
100000
1.2570404402097803
100000
100000
100000
0.9522272701528336
0.9170940850616547
100000
0.9393505724499405
100000
100000
0.8963403394571035
0.918047126211749
1.4884710487482635
0.958191463025875
100000
100000
0.91462541710563
0.9089314910005917
100000
0.9198492540582738
100000
1.595539671185611
100000
0.9952081137550278
100000
1.3373515811605416
100000
100000
1.0629155305874658
100000
100000
1.3283633226922158
100000
100000
100000
100000
100000
100000
1.2724281527481691
100000
1.1534841323339804
100000
100000
100000
1.2890909589544866
100000
100000
100000
100000
2.2634394403213216
100000
100000
100000
100000
100000
2.0980976165843
100000
1.3541141078390124
100000
1.1911046858601524
1.9512971356947315
1.176498094359169
100000
1.2291184735979999
1.1454246795510954
100000
2.3470740310574265
100000
100000
100000
100000
1.8973848113332423
1.2938388570760078
100000
100000
2.4125310718324067
100000
1.2041864532884206
100000
100000
100000
1.1704990101477253
100000
1.274215929484881
100000
100000
100000
1.3400529179993328
1.1117545352364147
100000
100000
1.077818807122339
1.0139528290690085
1.0248553348967957
100000
1.3903162942923415
100000
100000
100000
100000
100000
100000
100000
0.921299919270553
100000
100000
0.8866554028723092
1.3070185013394282
100000
100000
1.0094695219681595
100000
100000
100000
100000
1.546242805976237
100000
100000
1.774263392427832
100000
100000
100000
100000
100000
2.104640062821127
2.3913882523897123
100000
100000
100000
100000
100000
2.253619936893743
100000
100000
2.5388346557669523
100000
2.3633909363804246
100000
100000
2.2695541855528645
100000
2.447367438016875
2.487214877659647
100000
100000
2.1820635849430396
2.0822281195289527
100000
2.0304208873441056
2.137010492644359
100000
100000
100000
100000
1.5540107951543434
100000
1.3033199334173302
100000
100000
1.4447339615262729
1.3451001527906692
100000
100000
100000
100000
1.5604735270576304
1.3770039963946077
100000
3.0482654735810684
100000
100000
100000
1.415570785379028
100000
100000
100000
100000
100000
100000
100000
100000
1.1162898935274825
100000
100000
100000
100000
100000
100000
100000
1.0105461786667256
0.9763425912205753
1.1679277923129026
1.2341551777257989
0.9716642356089249
100000
1.8912913830669613
100000
0.9117681651228995
100000
0.9173274419743871
100000
100000
1.8417679503714655
0.927277898212202
100000
1.8642087369001752
1.8419353122505162
1.1567040034672773
100000
100000
1.1957669814903544
1.4161030610914718
1.499200455480915
100000
1.6533441711342365
100000
1.9946367534171683
100000
1.9261423999633214
100000
2.2336876939929358
100000
2.271034167287561
100000
100000
4.27215485559652
2.2954172957921557
100000
2.792644339098345
2.3244200808564095
100000
100000
100000
100000
5.229311381046072
100000
100000
100000
5.4456676161994855
100000
100000
2.3490943906630375
100000
100000
100000
100000
2.2489038801932213
100000
100000
100000
100000
2.024904974188356
100000
2.0945757157804916
1.4415350656649055
100000
1.5547499022793367
100000
100000
1.7374184705547848
100000
100000
100000
1.6558061708239664
100000
100000
1.6777535104625239
100000
1.7136987035491154
100000
100000
100000
100000
100000
100000
1.5992318721440346
100000
2.184742869173996
100000
100000
100000
2.193152956989167
1.4856703034564314
1.6438797164584071
1.7443701336890196
2.521832437627799
100000
1.2194385189470736
100000
100000
1.157768899919018
100000
100000
100000
1.1319460986718275
100000
1.1228546976994005
100000
1.1235014349609989
1.1485105046490052
100000
1.1088138989594865
100000
100000
100000
100000
1.40556548926767
3.157499629527487
1.4602476399976092
100000
100000
100000
1.8258802893857675
3.954574959787172
2.1008714139415505
2.2892078776029847
2.271031967476606
100000
100000
2.45405134575894
100000
100000
100000
2.2105793691248548
2.3420743358990426
100000
2.300007263339493
100000
100000
100000
2.673265149329924
100000
100000
100000
100000
2.3214486059288015
100000
2.368479293851163
100000
100000
2.186933068705138
100000
100000
100000
2.114336969026321
100000
100000
100000
1.9088556890923292
100000
100000
1.7917685248213724
100000
1.803175148821023
2.9337140474632544
2.053878605405303
100000
100000
100000
100000
100000
100000
1.5180708342246725
1.594093725316795
2.860642579553839
1.584642640610497
100000
1.5154847184131446
100000
2.6903341676143113
1.4409678270360178
1.4157878623031224
100000
100000
100000
100000
100000
100000
1.3581586566706934
100000
100000
100000
100000
1.1754381932848417
2.3040132167743663
100000
100000
100000
100000
100000
100000
1.1475882980600318
100000
100000
1.1062396907039769
100000
1.0998030109365386
1.1334803355444374
100000
1.110345127824301
1.3356518973587261
100000
100000
100000
100000
100000
100000
100000
