100000
100000
1.8846975896449831
100000
2.3526502557385696
100000
100000
100000
2.418657141202198
2.4070688134352856
100000
2.5304850671098023
2.495056624342158
100000
2.7422800861271845
2.782585049448186
100000
100000
100000
100000
2.8333165640417906
2.810064270733737
2.746999112514185
100000
100000
2.596209054788449
100000
2.6067858161753485
2.394622906083778
2.3719864610835835
100000
2.391094079552058
100000
2.293339674109172
100000
2.2760550230162897
2.3601761232969896
2.2826698561010126
2.2707022443814684
2.028887975464274
1.8056744703230767
1.7675121459277603
100000
100000
1.5687803672674037
1.497292650564883
100000
100000
1.6420765694930308
1.4946068216592454
100000
1.6026495208074454
1.664820118822612
1.6164773396088055
1.6738419560246836
1.7033951039619837
100000
1.5818309288220598
1.5850620660179655
100000
1.4684412784759353
100000
1.3542912628466586
100000
1.2952752633788704
1.3953351606715887
1.2910753240601347
100000
1.3822632045267973
1.3888615118552743
100000
1.228212595963623
1.1401829028414587
100000
1.272345409539303
0.8920443221520801
0.8641229401915187
0.8759881630826701
0.8402386034544206
0.7823280165085137
0.8709524917148599
1.08253675794794
1.5511114904245165
100000
0.9023259208087665
0.8415955971707986
100000
100000
100000
100000
1.1855923657308436
1.2739696092529111
100000
1.3861584049371258
100000
1.460608394306534
1.877977059100345
1.9097190607704175
100000
1.8290522463383865
3.57242890787785
1.8655111099579804
2.025732077947234
1.9618105908911927
2.207515422991318
100000
100000
2.297995247982971
100000
2.572592990753101
100000
2.62352028362505
2.7249037880748106
2.623338778280926
2.626673283639419
100000
2.5957452667330014
100000
100000
100000
100000
100000
2.459750354394401
100000
2.5550536227099134
2.347448484509699
2.476809186156892
2.5366632796360356
2.419808095732087
100000
100000
100000
100000
1.9500920524961354
1.9167739526233665
2.157349390274888
1.9514016504555491
100000
1.5029641634909552
100000
100000
1.7026471948321205
100000
1.3036918396194106
100000
100000
100000
1.6401719239870038
100000
100000
1.396259913015627
100000
1.283717206062038
2.00748748063373
1.179197416631737
1.1648138328096884
1.3249026711311236
1.2477307942651397
100000
1.174890848886982
100000
1.1782950074962035
1.2201325328914407
100000
1.1774363383523665
1.0957863523094216
1.0511632005830087
1.2801922714356153
1.1557832859292227
100000
100000
0.9076827670055587
0.9399959903640472
0.8887672838598806
100000
0.8636159085325549
0.7995743727783331
100000
1.0105169318465792
0.7588933688173669
100000
100000
0.8135168042303723
0.777916625063465
100000
100000
1.6847584390630532
1.3700647230849659
100000
0.9077649433914176
1.0989612311956463
1.1660775877894962
1.2748549688974777
1.2515131838888487
1.1818170742115384
100000
1.4943063760550177
1.290158603812141
100000
1.354948933329224
100000
100000
100000
100000
1.4020455507875245
1.511310566430967
100000
1.4243951072250982
2.6877802322071247
1.5377738896604511
100000
1.5922853266416306
1.6346926648236273
1.56361648524279
1.7905094372223789
1.2376812320516772
100000
100000
2.893384195290946
1.9109383604547132
1.689377217408969
100000
1.5233507416375702
1.4196581729396338
1.440436267617103
1.5994491156184418
1.5989716339438893
1.539175833465252
100000
1.6012751754520276
100000
100000
1.536135347405473
1.3605593996350123
1.4299493533979786
100000
1.1818736719138339
1.096830430283335
1.1660971958540687
1.4128660587102386
100000
1.2773725235252307
100000
1.4480677665430455
2.737416103180435
2.637770991264568
1.4679867470293844
1.5185799756303227
100000
1.4981812771745373
100000
100000
1.2672564926567136
1.2517025647991133
1.1058272117434473
100000
100000
100000
100000
100000
100000
100000
100000
0.9323323866927198
1.0570685612740676
0.9360675714653348
1.6423603402753073
0.8777503207453681
100000
0.82669775102882
1.479368666545024
0.9275519528888905
100000
0.7489671347686923
100000
0.7791350571573306
100000
0.8027917768513952
0.7854509950467516
1.2540997977998156
0.7696957515406858
0.7518295348806076
100000
100000
100000
100000
0.9671563785710872
100000
1.1902697514027318
100000
100000
100000
0.9057935763064623
0.8991118375537502
100000
1.1498850115330725
100000
100000
1.1434127578134072
1.1082306735065826
100000
100000
1.4123752482002339
100000
1.2285258337266198
100000
1.148609256204244
100000
100000
1.2596386359641594
1.123992818766995
100000
100000
1.324283687544207
1.1811912437798628
1.2711364978641275
1.2498329334056477
100000
100000
1.2148783268421814
2.521079488692496
1.4557330454361224
1.2503728071929996
1.221657853671602
2.383594456418025
1.1016977183609442
1.2076295911261563
100000
1.1376142423572335
1.2141451243280812
1.1202411471190319
1.0252471298431172
1.6651805153766643
1.1622952475183432
100000
1.2021245446240216
1.1917059747952095
1.3020104937576686
1.2581357731193912
1.2774931052750982
100000
100000
1.3248873684097997
100000
100000
1.5532988244444685
100000
1.302536511577445
100000
1.2736899168301543
1.8517749795286211
100000
100000
100000
100000
1.2021243161222812
1.0806815133867684
1.0272077820760692
100000
100000
100000
0.9488182715585344
100000
1.6751624212853606
0.8360306288279976
0.9104852824886781
0.8353243481444087
0.8045378227810696
0.7586430150507848
100000
0.8118949714758673
100000
0.7159179762355814
0.6896213559608421
0.6598422011533015
100000
100000
100000
0.8979823482898027
100000
1.0053339876940217
1.251886298815246
100000
1.516433758535758
1.6684947574332003
1.7076831659328668
1.9179664969762713
100000
2.0765530457881254
100000
2.1925184443729755
2.3419517758309842
2.3309400474665045
100000
2.509964814556036
100000
100000
2.7657061011139947
2.7067120729762664
2.913244049855036
100000
100000
100000
3.0621173584533348
2.9602497341208793
2.9094765951529955
2.8237600496013986
2.654423902950478
100000
100000
2.759167562459403
2.5750161810140426
2.6738836709552958
2.546555819839977
2.535663215738846
2.634098407135016
2.3476860364712797
2.518458376811608
2.3578846760057925
100000
2.7009882409615384
2.697910190802349
2.748938413144949
2.549833518499428
1.9533452808766325
100000
100000
1.8442369852728693
1.8634399750332027
1.963033173307281
100000
3.989276273294225
1.7769916462640492
100000
1.6959190384737197
1.5974345070240972
100000
100000
1.4926109363612985
1.5046344787377255
1.6253638926773304
1.5489158316925484
1.470734819780383
100000
2.7261233690432523
100000
100000
100000
1.452916366581112
1.361538545123416
1.7515055185387818
100000
100000
1.2634026836521313
1.1432210222903236
1.274803086152104
100000
1.1620283646337726
100000
1.1342151480565155
1.061869803462762
100000
100000
0.9114047465992845
100000
0.8819908866640259
0.8707048957838236
0.8718110307613487
0.9399072426778071
100000
100000
100000
0.8274786697588732
100000
100000
100000
100000
1.384976868016613
100000
100000
2.2780909771606694
2.083862884622391
2.060019784461303
100000
2.3225272856613834
100000
4.859756066987642
100000
2.72168261103549
100000
100000
100000
2.8939560410301226
100000
2.7050857722763704
100000
100000
100000
2.701072405952656
100000
3.0208862180934606
100000
2.6790123182114667
2.6634879610820024
2.719857733575813
2.566528755928186
5.66164022836684
100000
2.666611725960042
5.416088347308303
100000
5.2397096590786045
2.6153121418954415
100000
2.3886032364989074
2.2375132473635047
100000
2.33562006700349
2.0876732025361036
2.1343966902256404
2.0063138998204417
2.056044786297154
1.7242146382462176
1.625570322289355
100000
1.7076235850945736
100000
1.5605825726205618
1.6455252931046542
1.7257739082915498
100000
1.6960148506218615
1.6193432799691987
100000
100000
1.7853340757141556
2.12980355839663
1.5395132704754837
1.532881203465272
1.3136242304372663
1.418032694835882
1.725274293568512
1.6000437004537615
100000
100000
100000
1.273598151768375
100000
100000
1.183453427884154
1.2254436459416045
1.0230780318801358
0.9940598244519981
1.045100759496537
1.0153939704026094
1.6377504833606138
100000
100000
0.935949334235829
100000
0.9153781002107257
0.9658697811516016
1.0660505613102096
1.6338648199519952
0.903781552038324
100000
1.3349378600842996
0.8331819485969222
0.8794684356028872
0.905911198875752
0.8813196198848307
100000
100000
1.4318744561109653
100000
1.583155068513183
2.1040728107768243
2.099150979710464
2.101088525054607
2.2865868717970494
100000
2.346142591078405
100000
100000
2.612615517650841
100000
2.6186201637226585
2.548223767741002
5.46154201069222
2.6287666051283765
2.741157510366623
2.7294834461103137
100000
2.5438816047466477
2.4845660019481337
100000
2.5999018606201103
2.788645854903066
3.030861804275586
100000
3.124889068800055
100000
2.8386288191554447
2.9247133715158955
2.706483434006218
3.12067917342186
2.94330362671294
100000
100000
2.8173068322115355
100000
100000
2.612740083398212
2.427399337484584
100000
100000
100000
2.060242001361689
1.882986036989722
3.825771473630875
100000
100000
100000
1.7921082791523066
1.9805342919433342
1.7984611363895262
1.838550203460143
1.893253637630431
1.853615677255683
1.7361701304619341
1.7349937694874646
1.7299436987009693
100000
100000
7.010822415061943
100000
1.585872254047609
1.5718222215444972
1.425061779866349
1.3996795442243786
100000
100000
100000
1.141656171021511
1.4162276374285878
100000
100000
100000
1.2931793057848184
1.2670069212716613
1.1781063653244719
1.9893940723270636
100000
100000
100000
0.958425684985602
0.931307051630816
0.9189530672635866
100000
0.9374810795501708
1.0059336290227687
0.9027349288886937
100000
0.9937566505004962
0.8836599182810466
100000
2.770544991428507
1.435205893404993
1.4082618920319754
100000
3.4725601429210653
1.7901739719738083
100000
100000
2.2675150111672204
100000
2.2584055238879115
2.2781505110081586
2.4206100147371834
2.3469198650869494
100000
2.43655360302153
100000
3.3300342686846656
2.5965179020156826
2.6414487430820976
100000
100000
100000
2.8444089338469767
2.9525570181778877
2.754484602102862
100000
100000
2.7080127173330095
100000
100000
2.622494930201024
100000
2.452602401411593
100000
2.561603767374962
100000
2.2621138156138616
2.459461315350645
2.5516256419115213
2.391971798849284
2.39636476382033
100000
100000
100000
100000
100000
1.8575150784408414
100000
1.7446330876232545
1.7362712041043638
100000
1.8288224120223944
1.606064021412865
100000
1.539815106402981
1.673072000285718
1.6343855556099502
1.5739685003710144
1.7450973146419149
1.6668481967047946
100000
100000
100000
1.6126137302421883
1.6078990068748247
100000
100000
1.4322226784118097
100000
1.2996315791353243
1.5487375034869746
2.1535198584173276
1.592385361416679
100000
1.1828118772314857
100000
100000
1.745586191933664
100000
1.5931043524329258
100000
0.9531278615558563
100000
0.9052419005634276
1.7451963644551058
0.8833377242525657
100000
100000
0.9059050412016145
0.8341499279595308
100000
0.8872296076785281
0.8384542613061582
1.640726132942289
1.6008294386152724
0.9721065489743113
100000
1.245382020156155
100000
100000
1.602836364775409
100000
100000
1.8533514176662675
1.9980458912964059
2.15458533789427
2.061740823002472
100000
100000
100000
100000
2.379229167512833
100000
100000
2.6053086875343117
2.614044582058514
2.4954232004982546
100000
2.7551713485183766
100000
100000
100000
2.8915180523032555
2.933043772044912
2.8393795315899135
100000
3.096265556026364
2.8535022265471293
100000
2.609040504489146
100000
100000
100000
100000
2.476465578354146
100000
2.555511770420324
2.49096005076558
100000
2.0676532650375608
2.08016578854656
100000
1.899202048171742
1.7075774878899301
1.6055414661750822
1.7317495913397825
1.701929323364236
2.2566053914100905
1.6158870452831693
1.7581967189908072
1.4242899519010348
1.3710750496155337
100000
100000
100000
100000
100000
1.3356054318270678
1.3194710242277232
1.1553835048354797
1.2382272968786225
1.613898334921371
100000
100000
100000
100000
1.821137588371237
1.1549474178298524
1.1819419408555725
1.0179444950946708
1.061309145489705
100000
100000
0.9329145205106489
1.4170587395811638
100000
0.8744706340019502
0.8584078446084367
0.9145986753653158
100000
0.9038846207864912
1.5474203803316158
100000
100000
0.8610474261026992
100000
100000
0.8124996408012872
100000
100000
100000
0.8236299036812587
1.6425904913177773
100000
1.128383017695493
1.0425382191546733
1.186567865712933
1.273567060793452
1.1336803732653546
100000
100000
100000
1.0850779042160261
100000
1.235429113760117
100000
100000
100000
100000
100000
100000
1.4386049486106411
1.4124830079423032
1.3062955608989462
100000
100000
100000
100000
2.4635419302871266
100000
1.2990480425349686
100000
1.6524684067789877
2.31452867357237
100000
1.6360265613772682
1.4027105240350042
1.5141324834590604
100000
1.9293979172622604
100000
100000
1.8078247198126818
1.5470236003013516
100000
1.4070095373004525
100000
100000
100000
100000
1.6317904003238464
100000
1.2658838959544725
100000
1.2536815098474083
100000
1.3263611239763713
1.2648214960610398
100000
1.2124159678044966
1.7486326871307079
1.1353969106938082
1.7747150522532285
1.184443060450029
1.1313810774427475
1.1298450666595872
1.1644972476068416
100000
100000
100000
100000
1.257321591158994
1.22293850443497
1.3643635478517477
1.0389139701683232
1.1621526342467363
1.3461475180451412
0.9938702110030102
100000
100000
100000
0.9237978303621812
0.9059284649040044
1.0182342857776032
100000
100000
0.8563593073318878
100000
100000
0.8244012093328547
100000
0.8359194852590648
0.8324164230014471
0.822855126331731
100000
0.8195186469656303
0.8111639176128159
0.8732267976877148
0.8382882493161431
100000
0.8919969686404108
1.134699544556243
1.6362502846362652
100000
0.8923645538526802
1.0095636688102447
100000
0.9105249814274823
1.0324111418261732
100000
0.9777400209476705
1.0075409763058176
2.0093732089708243
1.0706763587744488
100000
1.3531875314280732
1.175463489021366
1.0918049888449486
1.4603478300809272
1.1471469000366545
100000
1.2883550226093534
1.4924175703758826
100000
100000
1.172303498545692
1.1964035499819166
100000
1.194037397873195
1.225575351619866
1.3231378551423025
1.3492770996735148
1.3477773163242401
1.4201322664662652
100000
1.3350072093745664
1.3265498581698485
1.324380242682769
1.4386349253709483
1.518127431566104
100000
1.4971242847918316
100000
100000
1.964796690397409
1.4684717419317912
100000
1.2340905571001526
100000
1.236160788348801
100000
100000
100000
1.407858241645614
1.401250325295183
100000
1.5715764966271164
1.4639025507277634
100000
2.6959436110194845
100000
1.3324653350112359
100000
1.2194980243217672
100000
100000
1.1008692958112876
1.1578437456937598
1.0361495985741649
100000
100000
1.0607745559237398
100000
2.268306546544733
0.977069879584054
0.9362644155585083
1.0983591322903208
0.8945803443475929
100000
0.8973659437129843
0.8371197083188563
100000
100000
0.8406946281885753
1.6593415148694821
100000
100000
0.7378643369097201
100000
1.446645162353381
0.6979822241552189
100000
100000
100000
100000
100000
1.194385705495644
1.2544947598655058
1.321289831363344
1.2601882471347061
100000
100000
100000
1.6262903944410154
1.5814040803197833
100000
1.5554060261705742
100000
100000
100000
1.7116020999879231
1.8596166227446806
100000
1.9325354787511329
100000
100000
2.0699541844255522
100000
100000
100000
1.9351468367517664
2.055267341911648
2.0570290118569248
100000
2.051666476530483
100000
1.9910015199675957
100000
2.1621789630406925
2.170532225994066
2.033448887072142
2.1227859019400763
100000
100000
1.7599255188197007
100000
1.6899339012699421
1.5835762281730854
1.5933446749837945
1.4679747155287035
1.4624667569103713
1.9828186068698603
1.4647215849545356
100000
100000
100000
100000
1.502667266118149
1.3266069968777288
1.326467131667813
1.6164274392373266
1.3012340012060362
1.2924700586502527
1.3134993108443835
1.3559002115928587
1.3604311390273043
100000
1.338288411959146
100000
1.2049262939563872
1.210090513600101
100000
100000
1.1253665095158067
100000
100000
0.9661172513768249
1.0448502160332864
1.0010420537067006
0.9857597059137799
0.9616113561474022
0.9308793502671053
1.2530579234920853
0.8963066317929484
0.8498124425407456
0.8720511880680332
100000
0.9130876852198134
100000
0.7784728881907015
100000
100000
0.7955928750781673
100000
100000
100000
100000
0.771454020741451
1.087755390775708
1.1037733489752082
1.0117556581636147
1.0699372046847608
1.2895137524541294
1.3167505284751357
1.4314926077016172
1.5708208010442877
1.8308773503473244
100000
1.9540501290721437
2.0532170720002494
100000
2.0673088025797166
2.1603444946154644
100000
2.4613719119613764
100000
2.425476360795394
100000
2.4775017595765605
100000
2.1814851486275706
2.280835423155613
2.2207367437261936
2.440945440019653
2.50790620815172
100000
100000
2.5047394958750715
100000
100000
100000
2.3978124117299315
2.569005467708984
100000
2.2193596161509577
100000
100000
100000
2.064749407599099
2.1363927542590977
100000
100000
100000
2.047545176201848
100000
1.9533188078712906
1.7779548484109382
1.850781847616935
100000
100000
1.732060705913819
1.5793677367517793
1.5706666078199796
100000
2.1436594235004303
100000
1.7023190301590758
100000
1.7770981759394817
1.794522370395578
100000
1.568695237768898
1.394710237519436
1.3038674480764498
1.3704312956105464
1.3421126609852327
1.3056724131927697
1.259210729395362
2.231975411412439
100000
1.104584300667546
1.1111104454863134
1.0647640174755302
100000
100000
1.0414636550818066
1.0450014250532655
1.0526748412915927
1.230373721823512
100000
1.0055947030773411
100000
100000
100000
100000
0.8566810407798593
0.8447791158883866
100000
1.645440760420733
0.8399486129710015
100000
0.7835676278541747
0.7878378655736497
0.772013696664827
0.7733580745044447
0.8803929794210625
0.9328007290215806
0.9670939690399972
1.2001813156304257
100000
1.4105100360231533
100000
1.7233084303369104
3.6564552576965714
1.9052048047301906
100000
100000
100000
2.173484880605663
100000
100000
100000
2.2705249928474496
100000
2.1229752197915532
2.2980972047388812
2.251888530190067
2.2127278964716353
2.2795468843419537
100000
2.281485896516207
2.2326242083953454
100000
2.159373911887588
4.4645395698264565
2.39677053868508
2.4020085703870397
100000
2.312937348835633
4.370493995030602
2.108034022034117
2.334296185905223
2.2650210696072026
2.053946615838698
3.660003380576759
1.8771370589215997
1.8584578867498138
1.996049773230895
100000
100000
1.933210500981291
1.8574100174423798
100000
100000
100000
1.7489072637408594
100000
100000
100000
100000
100000
100000
1.5849194545602139
1.5141838102706677
1.8962112044723631
1.7617771636463448
1.6614726955193118
1.2972682038892234
100000
1.2148734966883148
1.212943735222564
1.2511531539946485
1.1637148475312733
1.1750756636200346
1.2491162623236265
1.3114152659534022
100000
100000
1.1161429281213227
1.1354805205902412
100000
100000
1.2958685773222436
1.1122929141395848
1.3829821520902634
2.0184028716764875
100000
100000
1.911339368475653
0.9229049659230385
100000
0.9379496154074158
100000
0.9437797592643996
0.9269837503000943
0.9062588717001062
0.8870846910162521
0.8849845488754773
100000
0.8980137530154984
0.9358029292603027
100000
1.0255915426583004
1.184776153037401
1.2355607052821251
100000
1.2994460082699664
100000
1.734790307893289
1.6882282353359626
100000
1.9940220734931355
100000
2.130235233326142
2.2149849609554764
2.1590922566183193
2.250351194234655
100000
100000
2.1909809015346586
100000
100000
2.4760352532277174
2.1459381391637677
2.08489000461224
2.09885363990593
2.190331364545794
2.2788825456071153
100000
2.5833321548770973
2.502710622145424
100000
2.4195561231636864
2.5721891939160897
2.609354336473436
2.4780157732413746
100000
2.0121889224566267
2.140170102892574
2.282381062534275
2.127207753275306
100000
2.2146102318476264
100000
4.258448355331081
2.089245553418222
1.8126784214962586
2.001703203281297
1.5941531850918096
100000
1.6223438792794194
1.5948774787997784
1.4260476091021752
1.3323412930095877
100000
100000
100000
1.5718244218212012
1.4607243968731018
100000
1.3631050520143673
1.3664396072857825
1.2931275809168106
100000
2.0923837566115484
1.3453735883404665
1.4025422048892402
100000
100000
100000
1.468046973115233
100000
1.3835265199693858
1.3398680345440648
1.2984844801092412
1.278298624069947
2.482645953260659
100000
1.2475352237456436
100000
1.1262552877318224
1.0847942373861315
1.1132314697056407
1.2079567663968012
1.065372210491992
1.0674937477445374
100000
1.0640166400183257
1.0834778133738578
1.0631571231796104
100000
1.0023268782141426
1.0018425748742523
1.0070151081740402
1.0068803679164058
100000
1.4901638379179365
1.9707977706235154
1.0074038346095153
1.0279518016235143
100000
1.2332996690782265
1.2434267712484006
1.421844020298819
1.6020376528305051
1.695411530616625
1.934754841615465
1.8074015636579464
1.9829197981787927
100000
100000
100000
100000
2.039367140259038
2.068381350159473
100000
2.158853026578883
2.0842055541332
100000
1.8681405683567642
2.1017798685337947
2.5380174548305545
2.476244571711749
100000
100000
2.215838122330732
2.233120317707257
100000
2.2150198179630975
100000
100000
100000
2.352715677802873
2.2004303388850293
2.1358091698332577
3.8528497372269994
100000
100000
1.774501006936243
2.3054833286543617
1.8480528826504834
1.9499955130360882
2.3411972232577902
1.5693143740027637
1.6432536287254509
100000
1.7580980945321019
3.1935531873688885
100000
1.4106287950026275
1.4555744838875246
100000
1.4943209201888201
100000
1.3310674059442242
1.3735250761046596
1.8562376846485187
1.401803415686342
1.4556261375091808
1.492349194578856
1.2665029915060542
1.305767846993319
100000
100000
1.2034887420545919
1.3763676546892347
100000
1.3127457843650303
100000
1.8991954400708073
1.1760537489174938
1.1327930544430596
1.1268865667564887
100000
1.8671672658803538
100000
100000
100000
1.0341873999114517
100000
0.9800199039795492
100000
0.9634883228366872
0.9439777459832078
100000
100000
0.9531938750495794
100000
100000
1.326865969744647
1.8097140759171662
100000
1.463130616357642
0.9228645613830648
0.9215278461924666
0.9274363439356158
0.9218688295064877
0.936399223976726
0.9589989664274564
100000
100000
1.0519107239477634
1.1717723265806066
100000
100000
100000
1.2726913421916541
100000
1.5464298402867707
100000
1.5588684184466757
1.512397616550546
1.5230100783385676
3.494350321054153
1.6930304456054794
100000
1.5851376728136315
1.5297504007515217
2.4404882224535194
1.4022112108989404
100000
100000
1.5674728825460513
1.444914906097239
1.4032822825132993
100000
100000
1.5498844738638666
1.4208039657512037
1.4716029312761372
1.4241918399217266
1.5269988485994788
1.3578163936606218
100000
1.4467345110328047
100000
100000
100000
100000
100000
1.8364613677541564
100000
1.3658933915457157
1.4899602145442516
1.2591249176144734
1.618395376733188
100000
1.3192651723259954
1.4073031959890208
100000
1.298120775528198
1.3125673000170814
2.595268889304457
100000
1.3176073183806083
1.310053052665355
100000
100000
100000
1.9179055818014417
100000
100000
100000
100000
100000
1.2394164144271331
1.2384472867925505
1.2179687245436233
1.143994340605066
1.2494177462595923
100000
1.0778952768025318
100000
1.0963337722006607
1.7371876885563227
1.0624224573894236
1.0345203336944757
1.0270776391822205
100000
1.9767488758828173
1.5281681614499454
100000
0.9871260358627706
0.9586428416294789
0.9498903576242514
0.9238386880821252
100000
0.9233065510896347
1.2977770261825237
0.8963915923148246
100000
100000
100000
0.9023855180871087
100000
0.922384548214825
0.9366255179326103
0.9303157199047315
0.9395198542468404
100000
1.9299045236195764
1.0971133927194536
0.9624180346431993
100000
1.4796998964304824
1.1548835915678746
1.1520168651810923
1.0655562256142386
100000
100000
1.5279808161493136
1.2117072637834894
1.1682343297767084
2.196930602047333
1.1556916686060552
1.2542491384071115
1.3258868195760127
1.136707276413437
100000
1.174549268452796
1.2291532927134317
1.217227401605908
100000
1.299048050420856
100000
1.1408750206555693
100000
100000
1.1548369660465645
100000
1.1504053981382851
1.150419016062908
1.1858838856186815
2.400420102836244
1.250345407749957
1.206742963677524
1.1733992321046278
1.1833964545296805
100000
1.3206241796196199
1.2893506899109042
1.3672309917656562
1.3595875165262907
1.194643052563782
1.2522500323302717
1.3198854567546348
1.6777113790251488
1.4706845199423133
100000
2.5642945342390195
1.1663659673579159
1.2764898559890363
100000
100000
1.0766367513121429
100000
100000
100000
100000
1.0893656100234206
1.0745222695554157
100000
2.0665396498723916
1.0462273754298348
0.9708883413061855
1.9567055472110066
0.9534333871198966
100000
1.2024907159168037
100000
0.9291590680891622
1.275140668746269
0.9072518539069082
0.9007441411263077
100000
100000
0.9024555932681901
100000
100000
0.8975656562697223
100000
0.915612809507342
100000
0.8801158678018007
0.8706236245393114
0.8734182427578538
100000
1.566714129780857
100000
100000
1.714689828168909
1.7303775776280417
1.8880507937911926
100000
2.0477483321001877
2.140235308402523
2.2175587868444078
100000
1.9809720947742184
2.070363295246431
100000
100000
2.244196241598096
2.319980984875389
2.453724786678491
100000
2.209306055803951
2.3895444533344556
2.1460938866264936
2.380412645469589
100000
2.3007975668489817
2.2730160705113582
100000
100000
100000
100000
2.2821516360056324
2.2695599876559336
2.1539542850831794
100000
2.2360764151318073
2.397492685512961
2.361606463904684
100000
2.2562453694802724
2.4299426925397505
2.251413277431033
100000
2.0472693240566286
100000
100000
1.682985347052621
100000
100000
1.840220082765569
100000
1.5981272760775413
1.6575403418252803
1.4896404461773358
1.6273969072915822
1.7070234495309835
1.652135037267307
100000
100000
1.398740680185594
100000
100000
1.5333225594963902
2.345359246742384
1.3583832449302193
1.3165804365236948
1.3645351831426962
100000
100000
3.1637681252515897
100000
100000
1.4723489590487457
100000
1.4865379382916861
100000
1.1111586795195885
1.2108846919354572
1.406816649822941
1.112021406753207
1.0359033044662322
1.038255370962146
1.005768452434252
100000
100000
1.0285258706080433
100000
0.955761597599863
0.953138188931307
100000
0.9333956035987028
0.9427016569433767
100000
100000
100000
100000
1.0439501637799082
100000
1.3896825428656325
100000
100000
1.7427901878558145
1.9488282266439536
2.0988837379260845
2.349246957559004
2.5331692423472476
2.450235403420749
100000
2.3028222010241204
2.2430507207533115
2.3379736700415505
2.443873124043665
100000
2.6146144365764106
100000
100000
100000
2.505160775624947
2.4496532029913225
2.382312543601809
100000
2.7161833520089624
2.7231555335811537
100000
2.3583496998518254
2.6732721622881703
100000
100000
2.3766139561357384
2.4872023722806915
100000
2.4526082102214515
2.3224877997783127
2.2604236827102
100000
100000
100000
2.299393182853145
100000
100000
2.036275861606599
1.8655900120113535
1.6598350834771587
1.586276289652649
1.6632949248751532
1.694096820781402
1.7867691896874014
1.6592528781746005
2.5838446319432755
1.6772512385803229
1.6320221630177696
100000
100000
1.5987771851714907
1.5380354094821806
100000
1.949474339944191
100000
1.6856510825022353
2.1514018738705594
1.5892764851743633
100000
1.6329650683034833
1.4245562008307713
1.3723640072997336
100000
100000
1.541196771703228
1.310206242891844
1.304700602343862
100000
2.538717916422734
100000
1.2041566782383561
1.1807715619136172
100000
100000
100000
100000
1.3401550618779088
100000
1.0975228575598852
100000
100000
1.0917520831853254
1.2642004905504112
1.078365547056583
1.078109971980098
1.0592547866292383
1.2852200269453615
1.0875156188998754
1.127932495257549
1.069245517558137
1.1900076049692296
1.3307460335613217
1.3311842195878925
1.4416971481888035
1.670892670815882
1.5102305505215883
100000
100000
1.7688613648511233
1.9366888867414036
1.9208448489474508
100000
2.2469860733117186
100000
2.317073347963511
2.486813670130561
2.497627008749373
100000
2.1724059215621256
100000
2.1029360237303796
100000
2.3159799807857007
2.230354493068407
100000
2.2475280542904597
100000
2.390531407984885
2.1910857615193895
100000
2.3616749761224383
2.5475568644262254
2.5576011205398195
100000
2.4362211182010105
2.195059927363136
2.190998053301971
2.1725777582830554
100000
2.264610673520694
100000
2.221670711454081
2.024356604492003
1.8885925811627169
1.874511097352928
1.7330306258283663
100000
1.649099493083476
100000
100000
100000
100000
1.3740322700006966
1.4235576632274005
1.5793994899048518
100000
100000
1.946685636601029
100000
1.596468501097965
100000
100000
1.4700030473872798
1.367472113689523
100000
100000
100000
100000
1.2383536157049688
100000
100000
1.3318483159582046
1.260912379856669
1.2573021001901714
1.1896829002062574
100000
1.3860369161944073
1.1015313091457113
1.0860777182540449
100000
1.7728753943614999
100000
1.0847374435627102
1.2330367254546022
100000
100000
1.0441843393793557
2.0879697713676633
100000
1.0608881422364658
100000
1.0363625643984198
1.0231925364120726
1.0278575752788097
1.0291504941127505
1.0406811718862892
2.2747957136634196
100000
100000
1.7373747901657965
1.951512673150661
100000
4.2155718091228325
2.280425625262835
2.442210126016907
2.483578889807696
2.4721808317745424
100000
100000
100000
2.6133550820150533
2.6988357479245035
2.770591537509123
2.5384450136804597
100000
100000
5.125989740004337
2.502219390535708
100000
2.9407748731581873
2.678500291833635
2.5514811354005515
100000
2.6638748470959164
2.6795465231374562
2.5608156503831356
100000
2.34082078627559
2.353137625088848
2.658313154599687
100000
100000
100000
2.3400500461840186
100000
2.161042336011038
2.229416134702072
100000
2.202098626273286
2.1761014192699766
2.7050802169612704
1.8450044841101814
1.7837733738901993
100000
2.54889557876327
1.8311757226065684
1.8285792928325495
1.91574466235547
1.6519135401270866
100000
1.5587465023419351
1.9160926975050436
1.5053246119757935
2.8026151020933816
1.4852257526005601
100000
100000
1.4653167936873701
2.3362821103315676
1.6546324529907064
100000
1.4923908798775443
2.8127914663633415
1.3813611123704235
1.5914000225055789
100000
100000
100000
1.6489539971317608
100000
1.4057969474739709
100000
2.328173229000064
1.2822142396184564
1.1822693399629522
100000
100000
1.1142029660649455
100000
1.3151763807615593
1.0892004595452642
1.090705230645698
1.069292106118182
100000
1.0535327141639406
1.9939418010138557
100000
1.0665833475579727
1.05613008164496
100000
2.100963873871429
1.1632919614583206
100000
100000
100000
100000
2.0677757264452485
1.9933585303585848
1.8458107646176236
2.0685529613513887
1.9559339397644167
1.9810498586485243
2.184314848306653
100000
100000
100000
100000
2.3833038478952138
100000
2.6771443451972288
100000
100000
2.541108031372893
2.476928373866297
100000
100000
2.4192548881657387
100000
2.3395871497458276
100000
100000
3.1051397425554317
100000
2.565582443065507
2.5798387030733196
2.2589612772135252
2.141313165875621
2.1351579761015227
2.5562936702113577
4.4372825309758435
2.0241507948451054
100000
1.9121211769244164
1.7831539126095308
1.6534332846405133
1.8519765997572093
1.9285888615302964
1.7755138609949805
100000
100000
1.4407998230831391
100000
1.3830927435604057
1.570792624259129
100000
100000
100000
100000
1.3782226019094523
1.3602155354471788
100000
100000
1.3231620077350812
100000
1.40354930795039
1.4414964504218675
1.7823762223047275
1.37031500608394
100000
100000
1.4714452523881627
100000
1.3513944244683382
1.3080791414418365
1.3115316016655996
100000
1.2720665722509361
1.4568828099860862
1.2211400092485536
100000
1.147397034352319
1.1271188021697858
1.0907730911740625
100000
1.0747763102552352
1.0709959686922097
1.1400139538852245
1.0969428200076299
100000
1.3321980757596092
100000
1.0186016256173989
1.346917368242362
100000
1.1332672075745993
0.9914097288398334
1.0608188574007873
1.1448004315225921
100000
1.0268645896632027
1.0542176537821573
100000
100000
1.0696910397930177
1.0711351068698012
100000
1.2221299832992008
1.429093513981855
1.1466700606016613
1.852221587049405
1.968646095969952
100000
100000
1.4453926333830343
2.8654579611343807
100000
100000
1.265693105491727
1.2297279064708024
1.271308654113502
1.4223205232492608
100000
1.2529576199553565
1.284586341025662
100000
2.082739711488145
1.2638179054806027
1.2766123364157027
100000
100000
100000
100000
100000
100000
100000
1.5701825379404224
100000
1.4475695091198184
1.3351778275043416
100000
1.4944621816491237
1.4477236684705832
1.4108432133204651
100000
1.4998326024669328
100000
1.4622755787139012
1.1674360462245974
1.2280747238130467
100000
1.191376418684154
1.4909761663078096
100000
1.5225826240436466
100000
1.2718131871142557
100000
100000
1.2199560367887208
1.8795362623733638
100000
1.2452116945503928
100000
100000
1.1494859084734923
1.175806430887627
1.1795938050346895
1.102913897389412
1.9897445155418023
100000
1.0241311419327574
100000
1.904922496545168
100000
0.957683936607409
0.9574217117714765
100000
100000
1.1273168311700406
1.0904657480278683
100000
0.952235431782262
1.0394552730377749
0.9522272701528336
100000
0.935487653584397
0.9393505724499405
0.925248996454347
0.9193628038920841
0.8963403394571035
3.1788217459416326
0.9073845327103757
0.8959720697211137
0.9921216255809072
0.9155005018256909
1.1271916650021443
1.0590898913943176
0.9031156248446216
0.9198492540582738
100000
100000
0.9750733786977229
0.9952081137550278
1.006712373999647
100000
1.0956290520113936
2.087954778260527
1.0629155305874658
100000
1.2606832745043945
1.8798265916158226
2.0211465361529086
1.0770855843835687
1.1025840279141845
1.1516230680358106
100000
1.311890236228839
100000
100000
100000
1.25072215939651
100000
100000
1.2603649211843349
100000
100000
1.1607720618796629
1.1631137540487404
1.1317197201606608
100000
100000
100000
100000
1.2340739196418216
1.2362021856017182
1.1583615243267278
2.335280896689171
100000
100000
100000
1.5739233540650786
1.3565484745204806
100000
1.1454246795510954
100000
1.3094344624795877
1.1691601501089783
100000
100000
100000
1.2578228771841073
100000
1.7136290089545183
1.7084046110437827
100000
1.1729464326579953
100000
1.3855767146127584
100000
1.1514960483969172
100000
100000
1.274215929484881
1.2938571653582411
1.2719586953861473
1.2120199531395222
100000
1.1117545352364147
1.3630016178496034
1.041253172963438
100000
1.0139528290690085
1.0248553348967957
100000
100000
0.9561367888859862
1.3339232364650087
0.9448926539877122
100000
0.8938909561511782
1.4650966131529404
1.8025563125427468
100000
0.9091061755858934
0.9044437410890586
100000
100000
1.0131576412655254
100000
100000
1.0175283659225383
1.053741862023458
100000
100000
100000
1.5942471553034239
1.8837560324809208
100000
1.745035835377205
1.798737218625168
100000
100000
100000
2.104640062821127
100000
2.430940810372805
100000
2.2388161820868016
2.151473373801578
2.0214787064760307
100000
100000
100000
2.5388346557669528
2.453635942243286
100000
2.451060194675679
100000
100000
2.365340869671622
2.447367438016875
100000
2.398167929524867
100000
2.1820635849430396
2.0822281195289527
1.995387550332779
100000
100000
100000
2.2605945564962866
100000
1.7404728631858843
100000
100000
2.364964508137555
100000
1.444926640383122
100000
1.3451001527906694
100000
1.372716263125376
1.454404360588536
100000
100000
100000
1.4527383890920953
1.5241327367905342
1.5271523187586349
100000
100000
1.4155707853790278
1.23923246965697
1.3019017189938489
2.0065860341803745
1.4585762980149433
100000
1.1583898400771624
100000
1.342740232059931
1.1162898935274825
1.8470264998651882
100000
1.1072134503937594
100000
100000
1.0784569280858114
1.0323697948805681
100000
100000
0.9605071827470215
0.9648078706117501
100000
100000
100000
1.068142847046395
100000
100000
0.9173274419743871
100000
100000
100000
1.1559345505373393
0.9294977451719801
0.9320337161638507
0.9216294746327076
100000
1.3526561697036177
100000
0.9340386914944814
100000
1.4992004554809153
3.06368454147071
1.6533441711342365
1.7596798547434116
100000
1.7763620183194235
1.963147095237941
2.1896936599112786
2.2336876939929358
100000
2.2710341672875614
100000
2.078519190984353
100000
2.6042406083364087
2.270554551020158
2.7926443390983446
2.3244200808564095
100000
100000
2.657802555281207
100000
100000
2.603469398700653
100000
100000
100000
100000
2.7264260681090864
2.57214420086527
2.335157721355286
2.3387609665349385
2.443339286954737
2.159055771326943
100000
2.283268640891883
2.260757759027615
2.234950020944318
100000
2.024904974188356
1.9994886553155802
2.0945757157804916
1.4415350656649055
100000
100000
1.5506925167241166
1.485773230967174
100000
100000
1.4590197984680553
1.434504809411455
1.6558061708239664
1.5258115086106592
100000
100000
2.129189516421774
100000
1.4531806717765525
100000
1.389189797304157
2.650426688090003
100000
100000
1.3716829021210222
1.3806101951113399
1.5268679366768445
100000
1.3152097626471995
100000
2.6107040716843573
1.2900022274680938
1.2910403417760519
100000
1.492990827932323
100000
100000
1.2153403091358281
1.4146434060380442
1.15776491679433
1.1583897500630391
1.1903563597500317
1.1394044984216707
1.1319460986718275
1.138979125962344
1.1228546976994005
1.128436194128005
100000
100000
1.1033153940347027
100000
1.153318263540774
100000
1.1016628705678244
1.1757020221377554
2.81113097853534
2.1724227865287884
1.4602476399976092
1.607729720093903
100000
100000
1.8258802893857675
1.977287479893586
100000
100000
100000
2.4778010666921992
2.6569083609518676
2.45405134575894
2.438801732027316
5.266862153911012
100000
100000
100000
2.499728909859272
4.600014526678986
100000
2.348922269638467
100000
100000
100000
2.5589590794405725
2.422640720930678
100000
2.3214486059288015
2.297551721676005
2.3684792938511636
100000
2.3587566241887807
2.186933068705138
2.215748533869456
100000
2.310394618429491
100000
2.020300376469018
100000
100000
100000
3.7336701395769194
3.807625165728288
1.7917685248213724
1.9303006556167919
100000
1.7950004057697673
100000
100000
1.5964401652230484
100000
1.9062566770582356
1.8532794970790043
1.7449913924590632
1.5180708342246725
100000
1.5146290935563542
1.5358614843038807
100000
100000
2.1052163612918906
100000
100000
1.4157878623031224
1.3526650420158775
100000
100000
2.4563912425191687
1.410421969261236
100000
100000
1.25112007986679
100000
100000
1.1989171336759537
1.214150694555683
1.1670754731544801
1.1580298107943172
1.147740694681655
100000
100000
1.1681472397098045
100000
1.1475882980600318
1.4491001025385115
1.117515593047262
1.1062396907039769
100000
1.0998030109365386
100000
1.1096522602394627
1.110345127824301
1.3356518973587261
100000
100000
100000
1.8271104651209866
1.8542904821928892
2.0249129511741564
100000
